# vim: set fdm=marker :

# {{{
B^+->pi^+pi^-lnu::BR(q2_min,q2_max,sqrt(k2)_min,sqrt(k2)_max)@Belle:2020A:
    type: MultivariateGaussian
    observables:
      - B^+->pi^+pi^-lnu::BR(q2_min,q2_max,sqrt(k2)_min,sqrt(k2)_max)
      - B^+->pi^+pi^-lnu::BR(q2_min,q2_max,sqrt(k2)_min,sqrt(k2)_max)
      - B^+->pi^+pi^-lnu::BR(q2_min,q2_max,sqrt(k2)_min,sqrt(k2)_max)
      - B^+->pi^+pi^-lnu::BR(q2_min,q2_max,sqrt(k2)_min,sqrt(k2)_max)
      - B^+->pi^+pi^-lnu::BR(q2_min,q2_max,sqrt(k2)_min,sqrt(k2)_max)
      - B^+->pi^+pi^-lnu::BR(q2_min,q2_max,sqrt(k2)_min,sqrt(k2)_max)
      - B^+->pi^+pi^-lnu::BR(q2_min,q2_max,sqrt(k2)_min,sqrt(k2)_max)
      - B^+->pi^+pi^-lnu::BR(q2_min,q2_max,sqrt(k2)_min,sqrt(k2)_max)
      - B^+->pi^+pi^-lnu::BR(q2_min,q2_max,sqrt(k2)_min,sqrt(k2)_max)
      - B^+->pi^+pi^-lnu::BR(q2_min,q2_max,sqrt(k2)_min,sqrt(k2)_max)
      - B^+->pi^+pi^-lnu::BR(q2_min,q2_max,sqrt(k2)_min,sqrt(k2)_max)
      - B^+->pi^+pi^-lnu::BR(q2_min,q2_max,sqrt(k2)_min,sqrt(k2)_max)
      - B^+->pi^+pi^-lnu::BR(q2_min,q2_max,sqrt(k2)_min,sqrt(k2)_max)
    kinematics:
      - {sqrt(k2)_min: 0.27914, sqrt(k2)_max: 0.6, q2_min: 1e-4, q2_max: 8}
      - {sqrt(k2)_min: 0.27914, sqrt(k2)_max: 0.6, q2_min: 8, q2_max: 25}
      - {sqrt(k2)_min: 0.6, sqrt(k2)_max: 0.9, q2_min: 1e-4, q2_max: 4}
      - {sqrt(k2)_min: 0.6, sqrt(k2)_max: 0.9, q2_min: 4, q2_max: 8}
      - {sqrt(k2)_min: 0.6, sqrt(k2)_max: 0.9, q2_min: 8, q2_max: 21.9}
      - {sqrt(k2)_min: 0.9, sqrt(k2)_max: 1.2, q2_min: 1e-4, q2_max: 4}
      - {sqrt(k2)_min: 0.9, sqrt(k2)_max: 1.2, q2_min: 4, q2_max: 8}
      - {sqrt(k2)_min: 0.9, sqrt(k2)_max: 1.2, q2_min: 8, q2_max: 19.2}
      - {sqrt(k2)_min: 1.2, sqrt(k2)_max: 1.5, q2_min: 1e-4, q2_max: 4}
      - {sqrt(k2)_min: 1.2, sqrt(k2)_max: 1.5, q2_min: 4, q2_max: 8}
      - {sqrt(k2)_min: 1.2, sqrt(k2)_max: 1.5, q2_min: 8, q2_max: 16.7}
      - {sqrt(k2)_min: 1.5, sqrt(k2)_max: 5.279, q2_min: 1e-4, q2_max: 4}
      - {sqrt(k2)_min: 1.5, sqrt(k2)_max: 3.279, q2_min: 4, q2_max: 14.3}
    options:
      - {l: e}
      - {l: e}
      - {l: e}
      - {l: e}
      - {l: e}
      - {l: e}
      - {l: e}
      - {l: e}
      - {l: e}
      - {l: e}
      - {l: e}
      - {l: e}
      - {l: e}
    means: [0.84e-5, 1.18e-5, 2.16e-5, 2.63e-5, 9.18e-5, 0.70e-5, 0.64e-5, 1.78e-5, 0.91e-5, 0.72e-5, 0.93e-5, 0.79e-5, 0.56e-5]
    sigma-stat-hi: [0.43e-5, 0.46e-5, 0.52e-5, 0.62e-5, 1.40e-5, 0.38e-5, 0.30e-5, 0.48e-5, 0.37e-5, 0.33e-5, 0.33e-5, 0.98e-5, 0.54e-5]
    sigma-stat-lo: [0.43e-5, 0.46e-5, 0.52e-5, 0.62e-5, 1.40e-5, 0.38e-5, 0.30e-5, 0.48e-5, 0.37e-5, 0.33e-5, 0.33e-5, 0.98e-5, 0.54e-5]
    sigma-sys: [0.,0.,0.,0.,0.,0.,0.,0.,0.,0.,0.,0.,0.]
    correlations:
      - [1., 0.172702, 0.14128, 0.186491, 0.268844, 0.201445, 0.143423, 0.203766, 0.114573, 0.0870009, 0.1229, 0.0900423, 0.0527885]
      - [0.172702, 1., 0.16708, 0.215277, 0.308086, 0.210522, 0.153578, 0.220943, 0.124275, 0.0955937, 0.134004, 0.0898789, 0.0544427]
      - [0.14128, 0.16708, 1., 0.220148, 0.304078, 0.161443, 0.135972, 0.195882, 0.124881, 0.0986117, 0.132586, 0.0638624, 0.0448078]
      - [0.186491, 0.215277, 0.220148, 1., 0.373373, 0.216413, 0.172174, 0.248097, 0.14802, 0.116709, 0.159191, 0.0876345, 0.0575495]
      - [0.268844, 0.308086, 0.304078, 0.373373, 1., 0.319949, 0.248162, 0.36053, 0.211847, 0.165664, 0.228419, 0.131425, 0.0857531]
      - [0.201445, 0.210522, 0.161443, 0.216413, 0.319949, 1., 0.186431, 0.263781, 0.14903, 0.110548, 0.159513, 0.127444, 0.0719053]
      - [0.143423, 0.153578, 0.135972, 0.172174, 0.248162, 0.186431, 1., 0.188838, 0.111356, 0.0844269, 0.118487, 0.083636, 0.0493354]
      - [0.203766, 0.220943, 0.195882, 0.248097, 0.36053, 0.263781, 0.188838, 1., 0.157195, 0.119447, 0.168699, 0.116164, 0.0702427]
      - [0.114573, 0.124275, 0.124881, 0.14802, 0.211847, 0.14903, 0.111356, 0.157195, 1., 0.0762217, 0.10542, 0.0675255, 0.0414358]
      - [0.0870009, 0.0955937, 0.0986117, 0.116709, 0.165664, 0.110548, 0.0844269, 0.119447, 0.0762217, 1., 0.0803763, 0.0490097, 0.0308416]
      - [0.1229, 0.134004, 0.132586, 0.159191, 0.228419, 0.159513, 0.118487, 0.168699, 0.10542, 0.0803763, 1., 0.0702494, 0.0436227]
      - [0.0900423, 0.0898789, 0.0638624, 0.0876345, 0.131425, 0.127444, 0.083636, 0.116164, 0.0675255, 0.0490097, 0.0702494, 1., 0.0362475]
      - [0.0527885, 0.0544427, 0.0448078, 0.0575495, 0.0857531, 0.0719053, 0.0493354, 0.0702427, 0.0414358, 0.0308416, 0.0436227, 0.0362475, 1.]
#    sigma-stat-hi: [0.39e-5, 0.41e-5, 0.47e-5, 0.53e-5, 0.96e-5, 0.32e-5, 0.28e-5, 0.41e-5, 0.35e-5, 0.32e-5, 0.31e-5, 0.94e-5, 0.53e-5]
#    sigma-stat-lo: [0.32e-5, 0.34e-5, 0.42e-5, 0.47e-5, 0.91e-5, 0.25e-5, 0.22e-5, 0.36e-5, 0.28e-5, 0.26e-5, 0.26e-5, 0.84e-5, 0.36e-5]
#    sigma-sys: [0.18e-5, 0.20e-5, 0.23e-5, 0.32e-5, 1.02e-5, 0.20e-5, 0.11e-5, 0.25e-5, 0.12e-5, 0.08e-5, 0.11e-5, 0.26e-5, 0.08e-5]
#    correlations:
#      - [ 1.000 , 0.940 , 0.767 , 0.861 , 0.881 , 0.907 , 0.936 , 0.934 , 0.843 , 0.856 , 0.877 , 0.806 , 0.844]
#      - [ 0.940 , 1.000 , 0.867 , 0.950 , 0.965 , 0.906 , 0.958 , 0.968 , 0.874 , 0.899 , 0.914 , 0.769 , 0.832]
#      - [ 0.767 , 0.867 , 1.000 , 0.969 , 0.950 , 0.693 , 0.846 , 0.856 , 0.876 , 0.925 , 0.902 , 0.545 , 0.683]
#      - [ 0.861 , 0.950 , 0.969 , 1.000 , 0.992 , 0.790 , 0.911 , 0.922 , 0.883 , 0.931 , 0.921 , 0.636 , 0.746]
#      - [ 0.881 , 0.965 , 0.950 , 0.992 , 1.000 , 0.829 , 0.932 , 0.951 , 0.897 , 0.938 , 0.938 , 0.677 , 0.789]
#      - [ 0.907 , 0.906 , 0.693 , 0.790 , 0.829 , 1.000 , 0.962 , 0.956 , 0.867 , 0.860 , 0.900 , 0.902 , 0.909]
#      - [ 0.936 , 0.958 , 0.846 , 0.911 , 0.932 , 0.962 , 1.000 , 0.992 , 0.939 , 0.952 , 0.969 , 0.858 , 0.904]
#      - [ 0.934 , 0.968 , 0.856 , 0.922 , 0.951 , 0.956 , 0.992 , 1.000 , 0.931 , 0.946 , 0.969 , 0.837 , 0.904]
#      - [ 0.843 , 0.874 , 0.876 , 0.883 , 0.897 , 0.867 , 0.939 , 0.931 , 1.000 , 0.969 , 0.972 , 0.781 , 0.856]
#      - [ 0.856 , 0.899 , 0.925 , 0.931 , 0.938 , 0.860 , 0.952 , 0.946 , 0.969 , 1.000 , 0.991 , 0.758 , 0.852]
#      - [ 0.877 , 0.914 , 0.902 , 0.921 , 0.938 , 0.900 , 0.969 , 0.969 , 0.972 , 0.991 , 1.000 , 0.788 , 0.874]
#      - [ 0.806 , 0.769 , 0.545 , 0.636 , 0.677 , 0.902 , 0.858 , 0.837 , 0.781 , 0.758 , 0.788 , 1.000 , 0.911]
#      - [ 0.844 , 0.832 , 0.683 , 0.746 , 0.789 , 0.909 , 0.904 , 0.904 , 0.856 , 0.852 , 0.874 , 0.911 , 1.000]

B^+->pi^+pi^-lnu::BR(sqrt(k2)_min,sqrt(k2)_max)@Belle:2020A:
    type: MultivariateGaussian
    observables:
      - B^+->pi^+pi^-lnu::BR(sqrt(k2)_min,sqrt(k2)_max)
      - B^+->pi^+pi^-lnu::BR(sqrt(k2)_min,sqrt(k2)_max)
      - B^+->pi^+pi^-lnu::BR(sqrt(k2)_min,sqrt(k2)_max)
      - B^+->pi^+pi^-lnu::BR(sqrt(k2)_min,sqrt(k2)_max)
      - B^+->pi^+pi^-lnu::BR(sqrt(k2)_min,sqrt(k2)_max)
      - B^+->pi^+pi^-lnu::BR(sqrt(k2)_min,sqrt(k2)_max)
      - B^+->pi^+pi^-lnu::BR(sqrt(k2)_min,sqrt(k2)_max)
      - B^+->pi^+pi^-lnu::BR(sqrt(k2)_min,sqrt(k2)_max)
      - B^+->pi^+pi^-lnu::BR(sqrt(k2)_min,sqrt(k2)_max)
      - B^+->pi^+pi^-lnu::BR(sqrt(k2)_min,sqrt(k2)_max)
      - B^+->pi^+pi^-lnu::BR(sqrt(k2)_min,sqrt(k2)_max)
      - B^+->pi^+pi^-lnu::BR(sqrt(k2)_min,sqrt(k2)_max)
      - B^+->pi^+pi^-lnu::BR(sqrt(k2)_min,sqrt(k2)_max)
    kinematics:
      - {sqrt(k2)_min: 0.27914, sqrt(k2)_max: 0.46}
      - {sqrt(k2)_min: 0.46, sqrt(k2)_max: 0.54}
      - {sqrt(k2)_min: 0.54, sqrt(k2)_max: 0.62}
      - {sqrt(k2)_min: 0.62, sqrt(k2)_max: 0.70}
      - {sqrt(k2)_min: 0.70, sqrt(k2)_max: 0.78}
      - {sqrt(k2)_min: 0.78, sqrt(k2)_max: 0.86}
      - {sqrt(k2)_min: 0.86, sqrt(k2)_max: 0.94}
      - {sqrt(k2)_min: 0.94, sqrt(k2)_max: 1.02}
      - {sqrt(k2)_min: 1.02, sqrt(k2)_max: 1.10}
      - {sqrt(k2)_min: 1.10, sqrt(k2)_max: 1.18}
      - {sqrt(k2)_min: 1.18, sqrt(k2)_max: 1.26}
      - {sqrt(k2)_min: 1.26, sqrt(k2)_max: 1.34}
      - {sqrt(k2)_min: 1.34, sqrt(k2)_max: 5.276}
    options:
      - {l: e}
      - {l: e}
      - {l: e}
      - {l: e}
      - {l: e}
      - {l: e}
      - {l: e}
      - {l: e}
      - {l: e}
      - {l: e}
      - {l: e}
      - {l: e}
      - {l: e}
    means: [0.57e-05, 0.77e-05, 0.86e-05, 1.88e-05, 6.11e-05, 4.10e-05, 2.28e-05, 0.76e-05, 0.64e-05, 4.000001e-06, 1.09e-05, 0.91e-05, 1.98e-05]
    sigma-stat-hi: [0.342053e-05, 0.375766e-05, 0.430116e-05, 0.646607e-05, 1.33147e-05, 1.01863e-05, 0.60803e-05, 0.332415e-05, 0.291548e-05, 0.230868e-05, 0.37e-05, 0.349285e-05, 1.32257e-05]
    sigma-stat-lo: [0.342053e-05, 0.375766e-05, 0.430116e-05, 0.646607e-05, 1.33147e-05, 1.01863e-05, 0.60803e-05, 0.332415e-05, 0.291548e-05, 0.230868e-05, 0.37e-05, 0.349285e-05, 1.32257e-05]
    sigma-sys: [0.,0.,0.,0.,0.,0.,0.,0.,0.,0.,0.,0.,0.]
    correlations:
      - [1., 0.0881712, 0.080902, 0.105942, 0.115755, 0.113732, 0.121045, 0.0685783, 0.0557916, 0.0457129, 0.0627215, 0.0576879, 0.0299251]
      - [0.0881712, 1., 0.227195, 0.26081, 0.329159, 0.293243, 0.249583, 0.148638, 0.15037, 0.120582, 0.125253, 0.153942, 0.110923]
      - [0.080902, 0.227195, 1., 0.363392, 0.48208, 0.414228, 0.316262, 0.198073, 0.214694, 0.170418, 0.155332, 0.217595, 0.17608]
      - [0.105942, 0.26081, 0.363392, 1., 0.52324, 0.455572, 0.361908, 0.222261, 0.234452, 0.18668, 0.179736, 0.238394, 0.18459]
      - [0.115755, 0.329159, 0.48208, 0.52324, 1., 0.607423, 0.465171, 0.289388, 0.314518, 0.249692, 0.240623, 0.326708, 0.251316]
      - [0.113732, 0.293243, 0.414228, 0.455572, 0.607423, 1., 0.41335, 0.255957, 0.271079, 0.214981, 0.213228, 0.283903, 0.212749]
      - [0.121045, 0.249583, 0.316262, 0.361908, 0.465171, 0.41335, 1., 0.209675, 0.212443, 0.169646, 0.181655, 0.221415, 0.156711]
      - [0.0685783, 0.148638, 0.198073, 0.222261, 0.289388, 0.255957, 0.209675, 1., 0.130618, 0.103873, 0.109001, 0.138327, 0.0994405]
      - [0.0557916, 0.15037, 0.214694, 0.234452, 0.314518, 0.271079, 0.212443, 0.130618, 1., 0.113483, 0.109885, 0.146993, 0.114167]
      - [0.0457129, 0.120582, 0.170418, 0.18668, 0.249692, 0.214981, 0.169646, 0.103873, 0.113483, 1., 0.0881093, 0.116425, 0.0906924]
      - [0.0627215, 0.125253, 0.155332, 0.179736, 0.240623, 0.213228, 0.181655, 0.109001, 0.109885, 0.0881093, 1., 0.120246, 0.0768183]
      - [0.0576879, 0.153942, 0.217595, 0.238394, 0.326708, 0.283903, 0.221415, 0.138327, 0.146993, 0.116425, 0.120246, 1., 0.115848]
      - [0.0299251, 0.110923, 0.17608, 0.18459, 0.251316, 0.212749, 0.156711, 0.0994405, 0.114167, 0.0906924, 0.0768183, 0.115848, 1.]
#    sigma-stat-hi: [0.33e-5,0.34e-5,0.35e-5,0.50e-5,0.72e-5,0.70e-5,0.49e-5,0.31e-5,0.27e-5,0.22e-5,0.35e-5,0.32e-5,1.24e-5]
#    sigma-stat-lo: [0.25e-5,0.27e-5,0.28e-5,0.44e-5,0.68e-5,0.66e-5,0.44e-5,0.25e-5,0.22e-5,0.17e-5,0.29e-5,0.26e-5,1.15e-5]
#    sigma-sys: [0.09e-5,0.16e-5,0.25e-5,0.41e-5,1.12e-5,0.74e-5,0.36e-5,0.12e-5,0.11e-5,0.07e-5,0.12e-5,0.14e-5,0.46e-5]
#    correlations:
#      - [ 1.000, 0.787, 0.529, 0.635, 0.523, 0.595, 0.777, 0.722, 0.562, 0.573, 0.735, 0.547, 0.327]
#      - [ 0.787, 1.000, 0.918, 0.966, 0.919, 0.948, 0.990, 0.967, 0.936, 0.934, 0.907, 0.902, 0.749]
#      - [ 0.529, 0.918, 1.000, 0.986, 0.986, 0.981, 0.919, 0.944, 0.979, 0.967, 0.824, 0.934, 0.871]
#      - [ 0.635, 0.966, 0.986, 1.000, 0.981, 0.989, 0.964, 0.971, 0.980, 0.971, 0.874, 0.938, 0.837]
#      - [ 0.523, 0.919, 0.986, 0.981, 1.000, 0.994, 0.934, 0.953, 0.991, 0.979, 0.882, 0.969, 0.859]
#      - [ 0.595, 0.948, 0.981, 0.989, 0.994, 1.000, 0.961, 0.976, 0.989, 0.976, 0.905, 0.975, 0.842]
#      - [ 0.777, 0.990, 0.919, 0.964, 0.934, 0.961, 1.000, 0.981, 0.951, 0.945, 0.946, 0.933, 0.761]
#      - [ 0.722, 0.967, 0.944, 0.971, 0.953, 0.976, 0.981, 1.000, 0.959, 0.949, 0.931, 0.956, 0.792]
#      - [ 0.562, 0.936, 0.979, 0.980, 0.991, 0.989, 0.951, 0.959, 1.000, 0.992, 0.898, 0.972, 0.870]
#      - [ 0.573, 0.934, 0.967, 0.971, 0.979, 0.976, 0.945, 0.949, 0.992, 1.000, 0.896, 0.958, 0.860]
#      - [ 0.735, 0.907, 0.824, 0.874, 0.882, 0.905, 0.946, 0.931, 0.898, 0.896, 1.000, 0.925, 0.681]
#      - [ 0.547, 0.902, 0.934, 0.938, 0.969, 0.975, 0.933, 0.956, 0.972, 0.958, 0.925, 1.000, 0.831]
#      - [ 0.327, 0.749, 0.871, 0.837, 0.859, 0.842, 0.761, 0.792, 0.870, 0.860, 0.681, 0.831, 1.000]

B^+->pi^+pi^-lnu::BR(q2)@Belle:2020A:
    type: MultivariateGaussian
    observables:
      - B^+->pi^+pi^-lnu::BR(q2)
      - B^+->pi^+pi^-lnu::BR(q2)
      - B^+->pi^+pi^-lnu::BR(q2)
      - B^+->pi^+pi^-lnu::BR(q2)
      - B^+->pi^+pi^-lnu::BR(q2)
      - B^+->pi^+pi^-lnu::BR(q2)
      - B^+->pi^+pi^-lnu::BR(q2)
      - B^+->pi^+pi^-lnu::BR(q2)
      - B^+->pi^+pi^-lnu::BR(q2)
      - B^+->pi^+pi^-lnu::BR(q2)
      - B^+->pi^+pi^-lnu::BR(q2)
      - B^+->pi^+pi^-lnu::BR(q2)
      - B^+->pi^+pi^-lnu::BR(q2)
      - B^+->pi^+pi^-lnu::BR(q2)
      - B^+->pi^+pi^-lnu::BR(q2)
      - B^+->pi^+pi^-lnu::BR(q2)
      - B^+->pi^+pi^-lnu::BR(q2)
      - B^+->pi^+pi^-lnu::BR(q2)
    kinematics:
      - {q2: 0.5}
      - {q2: 1.5}
      - {q2: 2.5}
      - {q2: 3.5}
      - {q2: 4.5}
      - {q2: 5.5}
      - {q2: 6.5}
      - {q2: 7.5}
      - {q2: 8.5}
      - {q2: 9.5}
      - {q2: 10.5}
      - {q2: 11.5}
      - {q2: 12.5}
      - {q2: 13.5}
      - {q2: 14.5}
      - {q2: 15.5}
      - {q2: 16.5}
      - {q2: 21.0}
    options:
      - {l: e}
      - {l: e}
      - {l: e}
      - {l: e}
      - {l: e}
      - {l: e}
      - {l: e}
      - {l: e}
      - {l: e}
      - {l: e}
      - {l: e}
      - {l: e}
      - {l: e}
      - {l: e}
      - {l: e}
      - {l: e}
      - {l: e}
      - {l: e}
    means: [1.66e-05, 1.03e-05, 1.1e-05, 1.33e-05, 1.88e-05, 8.9e-06, 8.1e-06, 1.47e-05, 7.5e-06, 2.17e-05, 7.7e-06, 1.12e-05, 1.42e-05, 9.6e-06, 1.1e-05, 7.3e-06, 8.7e-06, 2.59e-05]
    sigma-stat-hi: [8.621484790916239e-06, 5.950630218724736e-06, 5.107837115648853e-06, 6.083584469702052e-06, 6.217716622683925e-06, 4.31740662898458e-06, 4.01621712560464e-06, 4.810405388322278e-06, 3.921734310225516e-06,5.232590180780452e-06, 3.420526275297414e-06, 3.6769552621700468e-06, 4.2544094772365296e-06, 3.264965543462902e-06, 3.981205847478877e-06, 2.9546573405388316e-06, 3.443835071544513e-06, 7.2346388990743686e-06]
    sigma-stat-lo: [8.621484790916239e-06, 5.950630218724736e-06, 5.107837115648853e-06, 6.083584469702052e-06, 6.217716622683925e-06, 4.31740662898458e-06, 4.01621712560464e-06, 4.810405388322278e-06, 3.921734310225516e-06,5.232590180780452e-06, 3.420526275297414e-06, 3.6769552621700468e-06, 4.2544094772365296e-06, 3.264965543462902e-06, 3.981205847478877e-06, 2.9546573405388316e-06, 3.443835071544513e-06, 7.2346388990743686e-06]
    sigma-sys: [0.,0.,0.,0.,0.,0.,0.,0.,0.,0.,0.,0.,0.,0.,0.,0.,0.,0.]
    correlations: [[1., 0., 0., 0., 0., 0., 0., 0., 0., 0., 0., 0., 0., 0., 0., 0.,
        0., 0.],
       [0., 1., 0., 0., 0., 0., 0., 0., 0., 0., 0., 0., 0., 0., 0., 0.,
        0., 0.],
       [0., 0., 1., 0., 0., 0., 0., 0., 0., 0., 0., 0., 0., 0., 0., 0.,
        0., 0.],
       [0., 0., 0., 1., 0., 0., 0., 0., 0., 0., 0., 0., 0., 0., 0., 0.,
        0., 0.],
       [0., 0., 0., 0., 1., 0., 0., 0., 0., 0., 0., 0., 0., 0., 0., 0.,
        0., 0.],
       [0., 0., 0., 0., 0., 1., 0., 0., 0., 0., 0., 0., 0., 0., 0., 0.,
        0., 0.],
       [0., 0., 0., 0., 0., 0., 1., 0., 0., 0., 0., 0., 0., 0., 0., 0.,
        0., 0.],
       [0., 0., 0., 0., 0., 0., 0., 1., 0., 0., 0., 0., 0., 0., 0., 0.,
        0., 0.],
       [0., 0., 0., 0., 0., 0., 0., 0., 1., 0., 0., 0., 0., 0., 0., 0.,
        0., 0.],
       [0., 0., 0., 0., 0., 0., 0., 0., 0., 1., 0., 0., 0., 0., 0., 0.,
        0., 0.],
       [0., 0., 0., 0., 0., 0., 0., 0., 0., 0., 1., 0., 0., 0., 0., 0.,
        0., 0.],
       [0., 0., 0., 0., 0., 0., 0., 0., 0., 0., 0., 1., 0., 0., 0., 0.,
        0., 0.],
       [0., 0., 0., 0., 0., 0., 0., 0., 0., 0., 0., 0., 1., 0., 0., 0.,
        0., 0.],
       [0., 0., 0., 0., 0., 0., 0., 0., 0., 0., 0., 0., 0., 1., 0., 0.,
        0., 0.],
       [0., 0., 0., 0., 0., 0., 0., 0., 0., 0., 0., 0., 0., 0., 1., 0.,
        0., 0.],
       [0., 0., 0., 0., 0., 0., 0., 0., 0., 0., 0., 0., 0., 0., 0., 1.,
        0., 0.],
       [0., 0., 0., 0., 0., 0., 0., 0., 0., 0., 0., 0., 0., 0., 0., 0.,
        1., 0.],
       [0., 0., 0., 0., 0., 0., 0., 0., 0., 0., 0., 0., 0., 0., 0., 0.,
        0., 1.]]
# }}}
