# vim: set fdm=marker :

#############################################
# BPR:2021A Average of BaBar and Belle data #
#############################################
#
# 2021
#
# {{{
B^+->rho^0lnu::BR@BPR:2021A:
    type: MultivariateGaussian
    observables:
      - B->rholnu::BR
      - B->rholnu::BR
      - B->rholnu::BR
      - B->rholnu::BR
      - B->rholnu::BR
      - B->rholnu::BR
      - B->rholnu::BR
      - B->rholnu::BR
      - B->rholnu::BR
      - B->rholnu::BR
      - B->rholnu::BR
    kinematics:
      - {q2_min: 0, q2_max: 2}
      - {q2_min: 2, q2_max: 4}
      - {q2_min: 4, q2_max: 6}
      - {q2_min: 6, q2_max: 8}
      - {q2_min: 8, q2_max: 10}
      - {q2_min: 10, q2_max: 12}
      - {q2_min: 12, q2_max: 14}
      - {q2_min: 14, q2_max: 16}
      - {q2_min: 16, q2_max: 18}
      - {q2_min: 18, q2_max: 20}
      - {q2_min: 20, q2_max: 22}
    options:
      - {q: u, l: e}
      - {q: u, l: e}
      - {q: u, l: e}
      - {q: u, l: e}
      - {q: u, l: e}
      - {q: u, l: e}
      - {q: u, l: e}
      - {q: u, l: e}
      - {q: u, l: e}
      - {q: u, l: e}
      - {q: u, l: e}
    means: [7.679e-6, 10.52e-6, 13.36e-6, 16.06e-6, 11.97e-6, 16.65e-6, 16.70e-6, 16.30e-6, 13.26e-6, 11.07e-6, 1.745e-6]
    sigma-stat-hi: [0, 0, 0, 0, 0, 0, 0, 0, 0, 0, 0]
    sigma-stat-lo: [0, 0, 0, 0, 0, 0, 0, 0, 0, 0, 0]
    sigma-sys: [3.091e-6, 2.992e-6, 3.241e-6, 3.341e-6, 2.792e-6, 3.241e-6, 3.241e-6, 3.141e-6, 2.842e-6, 2.593e-6, 1.596e-6]
    correlations:
      - [ 1   , -0.30,  0.03,  0.01,  0.09,  0.09,  0.09,  0.09,  0.08,  0.08,  0.02]
      - [-0.30,  1   , -0.03,  0.09,  0.11,  0.12,  0.12,  0.12,  0.11,  0.10,  0.02]
      - [ 0.03, -0.03,  1   , -0.18,  0.13,  0.13,  0.15,  0.14,  0.13,  0.12,  0.03]
      - [ 0.01,  0.09, -0.18,  1   ,  0.06,  0.18,  0.18,  0.18,  0.16,  0.14,  0.04]
      - [ 0.09,  0.11,  0.13,  0.06,  1   , -0.21,  0.05,  0.04,  0.12,  0.10,  0.03]
      - [ 0.09,  0.12,  0.13,  0.18, -0.21,  1   , -0.00,  0.07,  0.15,  0.13,  0.04]
      - [ 0.09,  0.12,  0.15,  0.18,  0.05, -0.00,  1   , -0.16,  0.14,  0.12,  0.04]
      - [ 0.09,  0.12,  0.14,  0.18,  0.04,  0.07, -0.16,  1   ,  0.10,  0.14,  0.05]
      - [ 0.08,  0.11,  0.13,  0.16,  0.12,  0.15,  0.14,  0.10,  1   , -0.27, -0.11]
      - [ 0.08,  0.10,  0.12,  0.14,  0.10,  0.13,  0.12,  0.14, -0.27,  1   , -0.13]
      - [ 0.02,  0.02,  0.03,  0.04,  0.03,  0.04,  0.04,  0.05, -0.11, -0.13,  1   ]
    dof: 11
# }}}
