# vim: set fdm=marker :

###########
# BES III #
###########
#
# 2023
#
# {{{
# Combination of D_s^+->etamunu::BES:2023A and D_s^+->etaenu::BES:2023B, assuming 100% correlated systematic uncertainties and combining the eta decay modes
D_s^+->etalnu::KinematicalDistribution[q2]@MR:2025A:
    type: MultivariateGaussian(Covariance)
    observables:
      [ 'D->etalnu::P(q2_min,q2_max)', 'D->etalnu::P(q2_min,q2_max)', 'D->etalnu::P(q2_min,q2_max)', 'D->etalnu::P(q2_min,q2_max)',
        'D->etalnu::P(q2_min,q2_max)', 'D->etalnu::P(q2_min,q2_max)', 'D->etalnu::P(q2_min,q2_max)',
        'D->etalnu::P(q2_min,q2_max)', 'D->etalnu::P(q2_min,q2_max)', 'D->etalnu::P(q2_min,q2_max)', 'D->etalnu::P(q2_min,q2_max)',
        'D->etalnu::P(q2_min,q2_max)', 'D->etalnu::P(q2_min,q2_max)', 'D->etalnu::P(q2_min,q2_max)' ]
    kinematics:
      [ {q2_min: 1e-5,   q2_max: 0.2}, {q2_min: 0.2, q2_max: 0.4}, {q2_min: 0.4, q2_max: 0.6}, {q2_min: 0.6, q2_max: 0.8},
        {q2_min: 0.8,    q2_max: 1.0}, {q2_min: 1.0, q2_max: 1.2}, {q2_min: 1.2, q2_max: 1.4},
        {q2_min: 0.0112, q2_max: 0.2}, {q2_min: 0.2, q2_max: 0.4}, {q2_min: 0.4, q2_max: 0.6}, {q2_min: 0.6, q2_max: 0.8},
        {q2_min: 0.8,    q2_max: 1.0}, {q2_min: 1.0, q2_max: 1.2}, {q2_min: 1.2, q2_max: 1.4} ]
    options:
      [ {q: s, l: e},  {q: s, l: e},  {q: s, l: e},  {q: s, l: e},  {q: s, l: e},  {q: s, l: e},  {q: s, l: e},
        {q: s, l: mu}, {q: s, l: mu}, {q: s, l: mu}, {q: s, l: mu}, {q: s, l: mu}, {q: s, l: mu}, {q: s, l: mu} ]
    means:
      [ 0.949087, 0.793684, 0.761874, 0.677258, 0.535486, 0.490755, 0.40635, 0.835887, 0.883308, 0.760709, 0.641007, 0.601626, 0.476643, 0.375263]
    covariance:
      - [ 0.0014859, -0.000538189, -0.000258372, -0.00015712, -0.0001795, -0.000123632, -0.000100213, 0.000101429, -0.0000150101, -0.0000719855, -0.0000113692, -8.7758e-6, -1.0227e-6, 0.0000118094]
      - [-0.000538189, 0.00180757, -0.000585559, -0.00012222, -0.000139962, -0.000170222, -0.000122076, -8.91813e-6, 0.000101614, 0.0000370125, -0.0000499855, 0.0000155229, -0.0000623071, -4.71674e-6]
      - [-0.000258372, -0.000585559, 0.0021442, -0.000744043, -0.0000562732, -0.000194757, -0.00016528, -0.0000611364, 0.0000222839, 0.000241137, -0.0000724671, 0.000024709, -0.0000755191, -0.0000364986]
      - [-0.00015712, -0.00012222, -0.000744043, 0.00189361, -0.000606119, -0.0000845091, -0.0000796751, -0.0000108688, -0.0000468994, -0.0000808249, 0.000144614, -0.0000549226, 0.0000349059, -1.68e-6]
      - [-0.0001795, -0.000139962, -0.0000562732, -0.000606119, 0.0016658, -0.000542598, -0.0000462866, -0.0000158271, 0.0000130566, 0.0000326859, -0.000046923, 0.000106249, -0.0000612533, 6.47568e-6]
      - [-0.000123632, -0.000170222, -0.000194757, -0.0000845091, -0.000542598, 0.00157162, -0.000408843, -6.98068e-6, -0.0000520082, -0.0000816393, 0.0000292931, -0.0000576984, 0.000165446, -0.0000183572]
      - [-0.000100213, -0.000122076, -0.00016528, -0.0000796751, -0.0000462866, -0.000408843, 0.00116326, 5.89358e-6, -5.42576e-6, -0.0000403863, -1.20383e-6, 9.62905e-6, -0.0000172185, 0.0000533471]
      - [0.000101429, -8.91813e-6, -0.0000611364, -0.0000108688, -0.0000158271, -6.98068e-6, 5.89358e-6, 0.00252927, -0.000810819, -0.000346086, -0.000313968, -0.000241425, -0.000220197, -0.00021193]
      - [-0.0000150101, 0.000101614, 0.0000222839, -0.0000468994, 0.0000130566, -0.0000520082, -5.42576e-6, -0.000810819, 0.00296938, -0.000925151, -0.000309479, -0.000206811, -0.000266158, -0.000210425]
      - [-0.0000719855, 0.0000370125, 0.000241137, -0.0000808249, 0.0000326859, -0.0000816393, -0.0000403863, -0.000346086, -0.000925151, 0.00307642, -0.000911318, -0.000132356, -0.000281425, -0.00020813]
      - [-0.0000113692, -0.0000499855, -0.0000724671, 0.000144614, -0.000046923, 0.0000292931, -1.20383e-6, -0.000313968, -0.000309479, -0.000911318, 0.0026187, -0.000735572, -0.0000182706, -0.000182887]
      - [-8.7758e-6, 0.0000155229, 0.000024709, -0.0000549226, 0.000106249, -0.0000576984, 9.62905e-6, -0.000241425, -0.000206811, -0.000132356, -0.000735572, 0.00219315, -0.000592587, -0.0000704571]
      - [-1.0227e-6, -0.0000623071, -0.0000755191, 0.0000349059, -0.0000612533, 0.000165446, -0.0000172185, -0.000220197, -0.000266158, -0.000281425, -0.0000182706, -0.000592587, 0.00193531, -0.00048974]
      - [0.0000118094, -4.71674e-6, -0.0000364986, -1.68e-6, 6.47568e-6, -0.0000183572, 0.0000533471, -0.00021193, -0.000210425, -0.00020813, -0.000182887, -0.0000704571, -0.00048974, 0.00173596]
D_s^+->eta_primelnu::KinematicalDistribution[q2]@MR:2025A:
    type: MultivariateGaussian(Covariance)
    observables:
      [ 'D->eta_primelnu::P(q2_min,q2_max)', 'D->eta_primelnu::P(q2_min,q2_max)', 'D->eta_primelnu::P(q2_min,q2_max)', 'D->eta_primelnu::P(q2_min,q2_max)' ]
    kinematics:
      [ {q2_min: 1e-5,   q2_max: 0.3}, {q2_min: 0.3, q2_max: 0.6}, {q2_min: 0.0112, q2_max: 0.3}, {q2_min: 0.3, q2_max: 0.6} ]
    options:
      [ {q: s, l: e}, {q: s, l: e}, {q: s, l: mu}, {q: s, l: mu} ]
    means:
      [ 1.72878, 1.13325, 1.53194, 1.34205]
    covariance:
      - [ 0.00800504, -0.00526417, 0.000677253, -0.000461819]
      - [-0.00526417, 0.00811088, -0.00046523, 0.000677283]
      - [0.000677253, -0.00046523, 0.0167441, -0.011014]
      - [-0.000461819, 0.000677283, -0.011014, 0.0154702]
# }}}

#######
# PDG #
#######
#
# 2024
#
# {{{
D_s^+->etae^+nu::BR@PDG:2024A:
    type: Gaussian
    observable: D->etalnu::BR
    kinematics: {q2_min: 1e-5, q2_max: 2.016}
    options: {q: s, l: e}
    mean: 2.26e-02
    sigma-stat: {hi: 0.06e-02, lo: -0.06e-02}
    sigma-sys: {hi: 0., lo: 0.}
D_s^+->eta_primee^+nu::BR@PDG:2024A:
    type: Gaussian
    observable: D->eta_primelnu::BR
    kinematics: {q2_min: 1e-5, q2_max: 1.02}
    options: {q: s, l: e}
    mean: 0.80e-02
    sigma-stat: {hi: 0.04e-02, lo: -0.04e-02}
    sigma-sys: {hi: 0., lo: 0.}
# Not yet in PDG, averages of BES:2023A and BES:2017A
D_s^+->etamu^+nu::BR@MR:2025A:
    type: Gaussian
    observable: D->etalnu::BR
    kinematics: {q2_min: 0.0112, q2_max: 2.016}
    options: {q: s, l: mu}
    mean: 2.24e-02
    sigma-stat: {hi: 0.07e-02, lo: -0.07e-02}
    sigma-sys: {hi: 0., lo: 0.}
D_s^+->eta_primemu^+nu::BR@MR:2025A:
    type: Gaussian
    observable: D->eta_primelnu::BR
    kinematics: {q2_min: 0.0112, q2_max: 1.02}
    options: {q: s, l: mu}
    mean: 0.80e-02
    sigma-stat: {hi: 0.06e-02, lo: -0.06e-02}
    sigma-sys: {hi: 0., lo: 0.}
# }}}
