################
# e pi -> e pi #
################
#
# [NA7:1986A]
0->pipi::Abs{f_+}^2@NA7:1986A:
    type: MultivariateGaussian(Covariance)
    observables:
      [ "0->pipi::Abs{f_+}^2(q2)", "0->pipi::Abs{f_+}^2(q2)", "0->pipi::Abs{f_+}^2(q2)", "0->pipi::Abs{f_+}^2(q2)", "0->pipi::Abs{f_+}^2(q2)", "0->pipi::Abs{f_+}^2(q2)", "0->pipi::Abs{f_+}^2(q2)", "0->pipi::Abs{f_+}^2(q2)",
        "0->pipi::Abs{f_+}^2(q2)", "0->pipi::Abs{f_+}^2(q2)", "0->pipi::Abs{f_+}^2(q2)", "0->pipi::Abs{f_+}^2(q2)", "0->pipi::Abs{f_+}^2(q2)", "0->pipi::Abs{f_+}^2(q2)", "0->pipi::Abs{f_+}^2(q2)", "0->pipi::Abs{f_+}^2(q2)",
        "0->pipi::Abs{f_+}^2(q2)", "0->pipi::Abs{f_+}^2(q2)", "0->pipi::Abs{f_+}^2(q2)", "0->pipi::Abs{f_+}^2(q2)", "0->pipi::Abs{f_+}^2(q2)", "0->pipi::Abs{f_+}^2(q2)", "0->pipi::Abs{f_+}^2(q2)", "0->pipi::Abs{f_+}^2(q2)",
        "0->pipi::Abs{f_+}^2(q2)", "0->pipi::Abs{f_+}^2(q2)", "0->pipi::Abs{f_+}^2(q2)", "0->pipi::Abs{f_+}^2(q2)", "0->pipi::Abs{f_+}^2(q2)", "0->pipi::Abs{f_+}^2(q2)", "0->pipi::Abs{f_+}^2(q2)", "0->pipi::Abs{f_+}^2(q2)",
        "0->pipi::Abs{f_+}^2(q2)", "0->pipi::Abs{f_+}^2(q2)", "0->pipi::Abs{f_+}^2(q2)", "0->pipi::Abs{f_+}^2(q2)", "0->pipi::Abs{f_+}^2(q2)", "0->pipi::Abs{f_+}^2(q2)", "0->pipi::Abs{f_+}^2(q2)", "0->pipi::Abs{f_+}^2(q2)",
        "0->pipi::Abs{f_+}^2(q2)", "0->pipi::Abs{f_+}^2(q2)", "0->pipi::Abs{f_+}^2(q2)", "0->pipi::Abs{f_+}^2(q2)", "0->pipi::Abs{f_+}^2(q2)" ]
    kinematics:
      [ {'q2': -0.015},{'q2': -0.017},{'q2': -0.019},{'q2': -0.021},{'q2': -0.023},{'q2': -0.025},{'q2': -0.027},{'q2': -0.029},
        {'q2': -0.031},{'q2': -0.033},{'q2': -0.035},{'q2': -0.037},{'q2': -0.039},{'q2': -0.042},{'q2': -0.046},{'q2': -0.05},
        {'q2': -0.054},{'q2': -0.058},{'q2': -0.062},{'q2': -0.066},{'q2': -0.07},{'q2': -0.074},{'q2': -0.078},{'q2': -0.083},
        {'q2': -0.089},{'q2': -0.095},{'q2': -0.101},{'q2': -0.107},{'q2': -0.113},{'q2': -0.119},{'q2': -0.125},{'q2': -0.131},
        {'q2': -0.137},{'q2': -0.144},{'q2': -0.153},{'q2': -0.163},{'q2': -0.173},{'q2': -0.183},{'q2': -0.193},{'q2': -0.203},
        {'q2': -0.213},{'q2': -0.223},{'q2': -0.233},{'q2': -0.243},{'q2': -0.253}]
    options:
      [ { "form-factors": "KKRvD2024" }, { "form-factors": "KKRvD2024" }, { "form-factors": "KKRvD2024" }, { "form-factors": "KKRvD2024" }, { "form-factors": "KKRvD2024" }, { "form-factors": "KKRvD2024" }, { "form-factors": "KKRvD2024" }, { "form-factors": "KKRvD2024" },
        { "form-factors": "KKRvD2024" }, { "form-factors": "KKRvD2024" }, { "form-factors": "KKRvD2024" }, { "form-factors": "KKRvD2024" }, { "form-factors": "KKRvD2024" }, { "form-factors": "KKRvD2024" }, { "form-factors": "KKRvD2024" }, { "form-factors": "KKRvD2024" },
        { "form-factors": "KKRvD2024" }, { "form-factors": "KKRvD2024" }, { "form-factors": "KKRvD2024" }, { "form-factors": "KKRvD2024" }, { "form-factors": "KKRvD2024" }, { "form-factors": "KKRvD2024" }, { "form-factors": "KKRvD2024" }, { "form-factors": "KKRvD2024" },
        { "form-factors": "KKRvD2024" }, { "form-factors": "KKRvD2024" }, { "form-factors": "KKRvD2024" }, { "form-factors": "KKRvD2024" }, { "form-factors": "KKRvD2024" }, { "form-factors": "KKRvD2024" }, { "form-factors": "KKRvD2024" }, { "form-factors": "KKRvD2024" },
        { "form-factors": "KKRvD2024" }, { "form-factors": "KKRvD2024" }, { "form-factors": "KKRvD2024" }, { "form-factors": "KKRvD2024" }, { "form-factors": "KKRvD2024" }, { "form-factors": "KKRvD2024" }, { "form-factors": "KKRvD2024" }, { "form-factors": "KKRvD2024" },
        { "form-factors": "KKRvD2024" }, { "form-factors": "KKRvD2024" }, { "form-factors": "KKRvD2024" }, { "form-factors": "KKRvD2024" }, { "form-factors": "KKRvD2024" } ]
    means:
      [ 0.944,0.921,0.933,0.926,0.914,0.905,0.898,0.884,
        0.884,0.89,0.866,0.876,0.857,0.849,0.837,0.83,
        0.801,0.8,0.809,0.786,0.785,0.777,0.769,0.757,
        0.715,0.724,0.68,0.696,0.688,0.676,0.665,0.651,
        0.646,0.616,0.654,0.563,0.534,0.586,0.544,0.529,
        0.616,0.487,0.417,0.593,0.336 ]
    covariance:
      - [ 0.000049004,3.402e-9,3.402e-9,3.402e-9,3.969e-9,3.969e-9,4.536e-9,4.536e-9,5.103e-9,5.103e-9,5.67e-9,6.237e-9,6.237e-9,5.103e-9,5.103e-9,5.67e-9,6.237e-9,6.804e-9,6.804e-9,7.938e-9,8.505e-9,9.072e-9,9.639e-9,8.505e-9,9.072e-9,1.0206e-8,9.639e-9,1.0773e-8,1.134e-8,1.1907e-8,1.3041e-8,1.3608e-8,1.5309e-8,1.3041e-8,1.3041e-8,1.3608e-8,1.701e-8,1.9278e-8,2.0412e-8,2.268e-8,2.7216e-8,2.7783e-8,3.2886e-8,4.1958e-8,4.1391e-8 ]
      - [ 3.402e-9,0.0000360029,2.916e-9,2.916e-9,3.402e-9,3.402e-9,3.888e-9,3.888e-9,4.374e-9,4.374e-9,4.86e-9,5.346e-9,5.346e-9,4.374e-9,4.374e-9,4.86e-9,5.346e-9,5.832e-9,5.832e-9,6.804e-9,7.29e-9,7.776e-9,8.262e-9,7.29e-9,7.776e-9,8.748e-9,8.262e-9,9.234e-9,9.72e-9,1.0206e-8,1.1178e-8,1.1664e-8,1.3122e-8,1.1178e-8,1.1178e-8,1.1664e-8,1.458e-8,1.6524e-8,1.7496e-8,1.944e-8,2.3328e-8,2.3814e-8,2.8188e-8,3.5964e-8,3.5478e-8 ]
      - [ 3.402e-9,2.916e-9,0.0000360029,2.916e-9,3.402e-9,3.402e-9,3.888e-9,3.888e-9,4.374e-9,4.374e-9,4.86e-9,5.346e-9,5.346e-9,4.374e-9,4.374e-9,4.86e-9,5.346e-9,5.832e-9,5.832e-9,6.804e-9,7.29e-9,7.776e-9,8.262e-9,7.29e-9,7.776e-9,8.748e-9,8.262e-9,9.234e-9,9.72e-9,1.0206e-8,1.1178e-8,1.1664e-8,1.3122e-8,1.1178e-8,1.1178e-8,1.1664e-8,1.458e-8,1.6524e-8,1.7496e-8,1.944e-8,2.3328e-8,2.3814e-8,2.8188e-8,3.5964e-8,3.5478e-8 ]
      - [ 3.402e-9,2.916e-9,2.916e-9,0.0000360029,3.402e-9,3.402e-9,3.888e-9,3.888e-9,4.374e-9,4.374e-9,4.86e-9,5.346e-9,5.346e-9,4.374e-9,4.374e-9,4.86e-9,5.346e-9,5.832e-9,5.832e-9,6.804e-9,7.29e-9,7.776e-9,8.262e-9,7.29e-9,7.776e-9,8.748e-9,8.262e-9,9.234e-9,9.72e-9,1.0206e-8,1.1178e-8,1.1664e-8,1.3122e-8,1.1178e-8,1.1178e-8,1.1664e-8,1.458e-8,1.6524e-8,1.7496e-8,1.944e-8,2.3328e-8,2.3814e-8,2.8188e-8,3.5964e-8,3.5478e-8 ]
      - [ 3.969e-9,3.402e-9,3.402e-9,3.402e-9,0.000049004,3.969e-9,4.536e-9,4.536e-9,5.103e-9,5.103e-9,5.67e-9,6.237e-9,6.237e-9,5.103e-9,5.103e-9,5.67e-9,6.237e-9,6.804e-9,6.804e-9,7.938e-9,8.505e-9,9.072e-9,9.639e-9,8.505e-9,9.072e-9,1.0206e-8,9.639e-9,1.0773e-8,1.134e-8,1.1907e-8,1.3041e-8,1.3608e-8,1.5309e-8,1.3041e-8,1.3041e-8,1.3608e-8,1.701e-8,1.9278e-8,2.0412e-8,2.268e-8,2.7216e-8,2.7783e-8,3.2886e-8,4.1958e-8,4.1391e-8 ]
      - [ 3.969e-9,3.402e-9,3.402e-9,3.402e-9,3.969e-9,0.000049004,4.536e-9,4.536e-9,5.103e-9,5.103e-9,5.67e-9,6.237e-9,6.237e-9,5.103e-9,5.103e-9,5.67e-9,6.237e-9,6.804e-9,6.804e-9,7.938e-9,8.505e-9,9.072e-9,9.639e-9,8.505e-9,9.072e-9,1.0206e-8,9.639e-9,1.0773e-8,1.134e-8,1.1907e-8,1.3041e-8,1.3608e-8,1.5309e-8,1.3041e-8,1.3041e-8,1.3608e-8,1.701e-8,1.9278e-8,2.0412e-8,2.268e-8,2.7216e-8,2.7783e-8,3.2886e-8,4.1958e-8,4.1391e-8 ]
      - [ 4.536e-9,3.888e-9,3.888e-9,3.888e-9,4.536e-9,4.536e-9,0.0000640052,5.184e-9,5.832e-9,5.832e-9,6.48e-9,7.128e-9,7.128e-9,5.832e-9,5.832e-9,6.48e-9,7.128e-9,7.776e-9,7.776e-9,9.072e-9,9.72e-9,1.0368e-8,1.1016e-8,9.72e-9,1.0368e-8,1.1664e-8,1.1016e-8,1.2312e-8,1.296e-8,1.3608e-8,1.4904e-8,1.5552e-8,1.7496e-8,1.4904e-8,1.4904e-8,1.5552e-8,1.944e-8,2.2032e-8,2.3328e-8,2.592e-8,3.1104e-8,3.1752e-8,3.7584e-8,4.7952e-8,4.7304e-8 ]
      - [ 4.536e-9,3.888e-9,3.888e-9,3.888e-9,4.536e-9,4.536e-9,5.184e-9,0.0000640052,5.832e-9,5.832e-9,6.48e-9,7.128e-9,7.128e-9,5.832e-9,5.832e-9,6.48e-9,7.128e-9,7.776e-9,7.776e-9,9.072e-9,9.72e-9,1.0368e-8,1.1016e-8,9.72e-9,1.0368e-8,1.1664e-8,1.1016e-8,1.2312e-8,1.296e-8,1.3608e-8,1.4904e-8,1.5552e-8,1.7496e-8,1.4904e-8,1.4904e-8,1.5552e-8,1.944e-8,2.2032e-8,2.3328e-8,2.592e-8,3.1104e-8,3.1752e-8,3.7584e-8,4.7952e-8,4.7304e-8 ]
      - [ 5.103e-9,4.374e-9,4.374e-9,4.374e-9,5.103e-9,5.103e-9,5.832e-9,5.832e-9,0.0000810066,6.561e-9,7.29e-9,8.019e-9,8.019e-9,6.561e-9,6.561e-9,7.29e-9,8.019e-9,8.748e-9,8.748e-9,1.0206e-8,1.0935e-8,1.1664e-8,1.2393e-8,1.0935e-8,1.1664e-8,1.3122e-8,1.2393e-8,1.3851e-8,1.458e-8,1.5309e-8,1.6767e-8,1.7496e-8,1.9683e-8,1.6767e-8,1.6767e-8,1.7496e-8,2.187e-8,2.4786e-8,2.6244e-8,2.916e-8,3.4992e-8,3.5721e-8,4.2282e-8,5.3946e-8,5.3217e-8 ]
      - [ 5.103e-9,4.374e-9,4.374e-9,4.374e-9,5.103e-9,5.103e-9,5.832e-9,5.832e-9,6.561e-9,0.0000810066,7.29e-9,8.019e-9,8.019e-9,6.561e-9,6.561e-9,7.29e-9,8.019e-9,8.748e-9,8.748e-9,1.0206e-8,1.0935e-8,1.1664e-8,1.2393e-8,1.0935e-8,1.1664e-8,1.3122e-8,1.2393e-8,1.3851e-8,1.458e-8,1.5309e-8,1.6767e-8,1.7496e-8,1.9683e-8,1.6767e-8,1.6767e-8,1.7496e-8,2.187e-8,2.4786e-8,2.6244e-8,2.916e-8,3.4992e-8,3.5721e-8,4.2282e-8,5.3946e-8,5.3217e-8 ]
      - [ 5.67e-9,4.86e-9,4.86e-9,4.86e-9,5.67e-9,5.67e-9,6.48e-9,6.48e-9,7.29e-9,7.29e-9,0.000100008,8.91e-9,8.91e-9,7.29e-9,7.29e-9,8.1e-9,8.91e-9,9.72e-9,9.72e-9,1.134e-8,1.215e-8,1.296e-8,1.377e-8,1.215e-8,1.296e-8,1.458e-8,1.377e-8,1.539e-8,1.62e-8,1.701e-8,1.863e-8,1.944e-8,2.187e-8,1.863e-8,1.863e-8,1.944e-8,2.43e-8,2.754e-8,2.916e-8,3.24e-8,3.888e-8,3.969e-8,4.698e-8,5.994e-8,5.913e-8 ]
      - [ 6.237e-9,5.346e-9,5.346e-9,5.346e-9,6.237e-9,6.237e-9,7.128e-9,7.128e-9,8.019e-9,8.019e-9,8.91e-9,0.00012101,9.801e-9,8.019e-9,8.019e-9,8.91e-9,9.801e-9,1.0692e-8,1.0692e-8,1.2474e-8,1.3365e-8,1.4256e-8,1.5147e-8,1.3365e-8,1.4256e-8,1.6038e-8,1.5147e-8,1.6929e-8,1.782e-8,1.8711e-8,2.0493e-8,2.1384e-8,2.4057e-8,2.0493e-8,2.0493e-8,2.1384e-8,2.673e-8,3.0294e-8,3.2076e-8,3.564e-8,4.2768e-8,4.3659e-8,5.1678e-8,6.5934e-8,6.5043e-8 ]
      - [ 6.237e-9,5.346e-9,5.346e-9,5.346e-9,6.237e-9,6.237e-9,7.128e-9,7.128e-9,8.019e-9,8.019e-9,8.91e-9,9.801e-9,0.00012101,8.019e-9,8.019e-9,8.91e-9,9.801e-9,1.0692e-8,1.0692e-8,1.2474e-8,1.3365e-8,1.4256e-8,1.5147e-8,1.3365e-8,1.4256e-8,1.6038e-8,1.5147e-8,1.6929e-8,1.782e-8,1.8711e-8,2.0493e-8,2.1384e-8,2.4057e-8,2.0493e-8,2.0493e-8,2.1384e-8,2.673e-8,3.0294e-8,3.2076e-8,3.564e-8,4.2768e-8,4.3659e-8,5.1678e-8,6.5934e-8,6.5043e-8 ]
      - [ 5.103e-9,4.374e-9,4.374e-9,4.374e-9,5.103e-9,5.103e-9,5.832e-9,5.832e-9,6.561e-9,6.561e-9,7.29e-9,8.019e-9,8.019e-9,0.0000810066,6.561e-9,7.29e-9,8.019e-9,8.748e-9,8.748e-9,1.0206e-8,1.0935e-8,1.1664e-8,1.2393e-8,1.0935e-8,1.1664e-8,1.3122e-8,1.2393e-8,1.3851e-8,1.458e-8,1.5309e-8,1.6767e-8,1.7496e-8,1.9683e-8,1.6767e-8,1.6767e-8,1.7496e-8,2.187e-8,2.4786e-8,2.6244e-8,2.916e-8,3.4992e-8,3.5721e-8,4.2282e-8,5.3946e-8,5.3217e-8 ]
      - [ 5.103e-9,4.374e-9,4.374e-9,4.374e-9,5.103e-9,5.103e-9,5.832e-9,5.832e-9,6.561e-9,6.561e-9,7.29e-9,8.019e-9,8.019e-9,6.561e-9,0.0000810066,7.29e-9,8.019e-9,8.748e-9,8.748e-9,1.0206e-8,1.0935e-8,1.1664e-8,1.2393e-8,1.0935e-8,1.1664e-8,1.3122e-8,1.2393e-8,1.3851e-8,1.458e-8,1.5309e-8,1.6767e-8,1.7496e-8,1.9683e-8,1.6767e-8,1.6767e-8,1.7496e-8,2.187e-8,2.4786e-8,2.6244e-8,2.916e-8,3.4992e-8,3.5721e-8,4.2282e-8,5.3946e-8,5.3217e-8 ]
      - [ 5.67e-9,4.86e-9,4.86e-9,4.86e-9,5.67e-9,5.67e-9,6.48e-9,6.48e-9,7.29e-9,7.29e-9,8.1e-9,8.91e-9,8.91e-9,7.29e-9,7.29e-9,0.000100008,8.91e-9,9.72e-9,9.72e-9,1.134e-8,1.215e-8,1.296e-8,1.377e-8,1.215e-8,1.296e-8,1.458e-8,1.377e-8,1.539e-8,1.62e-8,1.701e-8,1.863e-8,1.944e-8,2.187e-8,1.863e-8,1.863e-8,1.944e-8,2.43e-8,2.754e-8,2.916e-8,3.24e-8,3.888e-8,3.969e-8,4.698e-8,5.994e-8,5.913e-8 ]
      - [ 6.237e-9,5.346e-9,5.346e-9,5.346e-9,6.237e-9,6.237e-9,7.128e-9,7.128e-9,8.019e-9,8.019e-9,8.91e-9,9.801e-9,9.801e-9,8.019e-9,8.019e-9,8.91e-9,0.00012101,1.0692e-8,1.0692e-8,1.2474e-8,1.3365e-8,1.4256e-8,1.5147e-8,1.3365e-8,1.4256e-8,1.6038e-8,1.5147e-8,1.6929e-8,1.782e-8,1.8711e-8,2.0493e-8,2.1384e-8,2.4057e-8,2.0493e-8,2.0493e-8,2.1384e-8,2.673e-8,3.0294e-8,3.2076e-8,3.564e-8,4.2768e-8,4.3659e-8,5.1678e-8,6.5934e-8,6.5043e-8 ]
      - [ 6.804e-9,5.832e-9,5.832e-9,5.832e-9,6.804e-9,6.804e-9,7.776e-9,7.776e-9,8.748e-9,8.748e-9,9.72e-9,1.0692e-8,1.0692e-8,8.748e-9,8.748e-9,9.72e-9,1.0692e-8,0.000144012,1.1664e-8,1.3608e-8,1.458e-8,1.5552e-8,1.6524e-8,1.458e-8,1.5552e-8,1.7496e-8,1.6524e-8,1.8468e-8,1.944e-8,2.0412e-8,2.2356e-8,2.3328e-8,2.6244e-8,2.2356e-8,2.2356e-8,2.3328e-8,2.916e-8,3.3048e-8,3.4992e-8,3.888e-8,4.6656e-8,4.7628e-8,5.6376e-8,7.1928e-8,7.0956e-8 ]
      - [ 6.804e-9,5.832e-9,5.832e-9,5.832e-9,6.804e-9,6.804e-9,7.776e-9,7.776e-9,8.748e-9,8.748e-9,9.72e-9,1.0692e-8,1.0692e-8,8.748e-9,8.748e-9,9.72e-9,1.0692e-8,1.1664e-8,0.000144012,1.3608e-8,1.458e-8,1.5552e-8,1.6524e-8,1.458e-8,1.5552e-8,1.7496e-8,1.6524e-8,1.8468e-8,1.944e-8,2.0412e-8,2.2356e-8,2.3328e-8,2.6244e-8,2.2356e-8,2.2356e-8,2.3328e-8,2.916e-8,3.3048e-8,3.4992e-8,3.888e-8,4.6656e-8,4.7628e-8,5.6376e-8,7.1928e-8,7.0956e-8 ]
      - [ 7.938e-9,6.804e-9,6.804e-9,6.804e-9,7.938e-9,7.938e-9,9.072e-9,9.072e-9,1.0206e-8,1.0206e-8,1.134e-8,1.2474e-8,1.2474e-8,1.0206e-8,1.0206e-8,1.134e-8,1.2474e-8,1.3608e-8,1.3608e-8,0.000196016,1.701e-8,1.8144e-8,1.9278e-8,1.701e-8,1.8144e-8,2.0412e-8,1.9278e-8,2.1546e-8,2.268e-8,2.3814e-8,2.6082e-8,2.7216e-8,3.0618e-8,2.6082e-8,2.6082e-8,2.7216e-8,3.402e-8,3.8556e-8,4.0824e-8,4.536e-8,5.4432e-8,5.5566e-8,6.5772e-8,8.3916e-8,8.2782e-8 ]
      - [ 8.505e-9,7.29e-9,7.29e-9,7.29e-9,8.505e-9,8.505e-9,9.72e-9,9.72e-9,1.0935e-8,1.0935e-8,1.215e-8,1.3365e-8,1.3365e-8,1.0935e-8,1.0935e-8,1.215e-8,1.3365e-8,1.458e-8,1.458e-8,1.701e-8,0.000225018,1.944e-8,2.0655e-8,1.8225e-8,1.944e-8,2.187e-8,2.0655e-8,2.3085e-8,2.43e-8,2.5515e-8,2.7945e-8,2.916e-8,3.2805e-8,2.7945e-8,2.7945e-8,2.916e-8,3.645e-8,4.131e-8,4.374e-8,4.86e-8,5.832e-8,5.9535e-8,7.047e-8,8.991e-8,8.8695e-8 ]
      - [ 9.072e-9,7.776e-9,7.776e-9,7.776e-9,9.072e-9,9.072e-9,1.0368e-8,1.0368e-8,1.1664e-8,1.1664e-8,1.296e-8,1.4256e-8,1.4256e-8,1.1664e-8,1.1664e-8,1.296e-8,1.4256e-8,1.5552e-8,1.5552e-8,1.8144e-8,1.944e-8,0.000256021,2.2032e-8,1.944e-8,2.0736e-8,2.3328e-8,2.2032e-8,2.4624e-8,2.592e-8,2.7216e-8,2.9808e-8,3.1104e-8,3.4992e-8,2.9808e-8,2.9808e-8,3.1104e-8,3.888e-8,4.4064e-8,4.6656e-8,5.184e-8,6.2208e-8,6.3504e-8,7.5168e-8,9.5904e-8,9.4608e-8 ]
      - [ 9.639e-9,8.262e-9,8.262e-9,8.262e-9,9.639e-9,9.639e-9,1.1016e-8,1.1016e-8,1.2393e-8,1.2393e-8,1.377e-8,1.5147e-8,1.5147e-8,1.2393e-8,1.2393e-8,1.377e-8,1.5147e-8,1.6524e-8,1.6524e-8,1.9278e-8,2.0655e-8,2.2032e-8,0.000289023,2.0655e-8,2.2032e-8,2.4786e-8,2.3409e-8,2.6163e-8,2.754e-8,2.8917e-8,3.1671e-8,3.3048e-8,3.7179e-8,3.1671e-8,3.1671e-8,3.3048e-8,4.131e-8,4.6818e-8,4.9572e-8,5.508e-8,6.6096e-8,6.7473e-8,7.9866e-8,1.01898e-7,1.00521e-7 ]
      - [ 8.505e-9,7.29e-9,7.29e-9,7.29e-9,8.505e-9,8.505e-9,9.72e-9,9.72e-9,1.0935e-8,1.0935e-8,1.215e-8,1.3365e-8,1.3365e-8,1.0935e-8,1.0935e-8,1.215e-8,1.3365e-8,1.458e-8,1.458e-8,1.701e-8,1.8225e-8,1.944e-8,2.0655e-8,0.000225018,1.944e-8,2.187e-8,2.0655e-8,2.3085e-8,2.43e-8,2.5515e-8,2.7945e-8,2.916e-8,3.2805e-8,2.7945e-8,2.7945e-8,2.916e-8,3.645e-8,4.131e-8,4.374e-8,4.86e-8,5.832e-8,5.9535e-8,7.047e-8,8.991e-8,8.8695e-8 ]
      - [ 9.072e-9,7.776e-9,7.776e-9,7.776e-9,9.072e-9,9.072e-9,1.0368e-8,1.0368e-8,1.1664e-8,1.1664e-8,1.296e-8,1.4256e-8,1.4256e-8,1.1664e-8,1.1664e-8,1.296e-8,1.4256e-8,1.5552e-8,1.5552e-8,1.8144e-8,1.944e-8,2.0736e-8,2.2032e-8,1.944e-8,0.000256021,2.3328e-8,2.2032e-8,2.4624e-8,2.592e-8,2.7216e-8,2.9808e-8,3.1104e-8,3.4992e-8,2.9808e-8,2.9808e-8,3.1104e-8,3.888e-8,4.4064e-8,4.6656e-8,5.184e-8,6.2208e-8,6.3504e-8,7.5168e-8,9.5904e-8,9.4608e-8 ]
      - [ 1.0206e-8,8.748e-9,8.748e-9,8.748e-9,1.0206e-8,1.0206e-8,1.1664e-8,1.1664e-8,1.3122e-8,1.3122e-8,1.458e-8,1.6038e-8,1.6038e-8,1.3122e-8,1.3122e-8,1.458e-8,1.6038e-8,1.7496e-8,1.7496e-8,2.0412e-8,2.187e-8,2.3328e-8,2.4786e-8,2.187e-8,2.3328e-8,0.000324026,2.4786e-8,2.7702e-8,2.916e-8,3.0618e-8,3.3534e-8,3.4992e-8,3.9366e-8,3.3534e-8,3.3534e-8,3.4992e-8,4.374e-8,4.9572e-8,5.2488e-8,5.832e-8,6.9984e-8,7.1442e-8,8.4564e-8,1.07892e-7,1.06434e-7 ]
      - [ 9.639e-9,8.262e-9,8.262e-9,8.262e-9,9.639e-9,9.639e-9,1.1016e-8,1.1016e-8,1.2393e-8,1.2393e-8,1.377e-8,1.5147e-8,1.5147e-8,1.2393e-8,1.2393e-8,1.377e-8,1.5147e-8,1.6524e-8,1.6524e-8,1.9278e-8,2.0655e-8,2.2032e-8,2.3409e-8,2.0655e-8,2.2032e-8,2.4786e-8,0.000289023,2.6163e-8,2.754e-8,2.8917e-8,3.1671e-8,3.3048e-8,3.7179e-8,3.1671e-8,3.1671e-8,3.3048e-8,4.131e-8,4.6818e-8,4.9572e-8,5.508e-8,6.6096e-8,6.7473e-8,7.9866e-8,1.01898e-7,1.00521e-7 ]
      - [ 1.0773e-8,9.234e-9,9.234e-9,9.234e-9,1.0773e-8,1.0773e-8,1.2312e-8,1.2312e-8,1.3851e-8,1.3851e-8,1.539e-8,1.6929e-8,1.6929e-8,1.3851e-8,1.3851e-8,1.539e-8,1.6929e-8,1.8468e-8,1.8468e-8,2.1546e-8,2.3085e-8,2.4624e-8,2.6163e-8,2.3085e-8,2.4624e-8,2.7702e-8,2.6163e-8,0.000361029,3.078e-8,3.2319e-8,3.5397e-8,3.6936e-8,4.1553e-8,3.5397e-8,3.5397e-8,3.6936e-8,4.617e-8,5.2326e-8,5.5404e-8,6.156e-8,7.3872e-8,7.5411e-8,8.9262e-8,1.13886e-7,1.12347e-7 ]
      - [ 1.134e-8,9.72e-9,9.72e-9,9.72e-9,1.134e-8,1.134e-8,1.296e-8,1.296e-8,1.458e-8,1.458e-8,1.62e-8,1.782e-8,1.782e-8,1.458e-8,1.458e-8,1.62e-8,1.782e-8,1.944e-8,1.944e-8,2.268e-8,2.43e-8,2.592e-8,2.754e-8,2.43e-8,2.592e-8,2.916e-8,2.754e-8,3.078e-8,0.000400032,3.402e-8,3.726e-8,3.888e-8,4.374e-8,3.726e-8,3.726e-8,3.888e-8,4.86e-8,5.508e-8,5.832e-8,6.48e-8,7.776e-8,7.938e-8,9.396e-8,1.1988e-7,1.1826e-7 ]
      - [ 1.1907e-8,1.0206e-8,1.0206e-8,1.0206e-8,1.1907e-8,1.1907e-8,1.3608e-8,1.3608e-8,1.5309e-8,1.5309e-8,1.701e-8,1.8711e-8,1.8711e-8,1.5309e-8,1.5309e-8,1.701e-8,1.8711e-8,2.0412e-8,2.0412e-8,2.3814e-8,2.5515e-8,2.7216e-8,2.8917e-8,2.5515e-8,2.7216e-8,3.0618e-8,2.8917e-8,3.2319e-8,3.402e-8,0.000441036,3.9123e-8,4.0824e-8,4.5927e-8,3.9123e-8,3.9123e-8,4.0824e-8,5.103e-8,5.7834e-8,6.1236e-8,6.804e-8,8.1648e-8,8.3349e-8,9.8658e-8,1.25874e-7,1.24173e-7 ]
      - [ 1.3041e-8,1.1178e-8,1.1178e-8,1.1178e-8,1.3041e-8,1.3041e-8,1.4904e-8,1.4904e-8,1.6767e-8,1.6767e-8,1.863e-8,2.0493e-8,2.0493e-8,1.6767e-8,1.6767e-8,1.863e-8,2.0493e-8,2.2356e-8,2.2356e-8,2.6082e-8,2.7945e-8,2.9808e-8,3.1671e-8,2.7945e-8,2.9808e-8,3.3534e-8,3.1671e-8,3.5397e-8,3.726e-8,3.9123e-8,0.000529043,4.4712e-8,5.0301e-8,4.2849e-8,4.2849e-8,4.4712e-8,5.589e-8,6.3342e-8,6.7068e-8,7.452e-8,8.9424e-8,9.1287e-8,1.08054e-7,1.37862e-7,1.35999e-7 ]
      - [ 1.3608e-8,1.1664e-8,1.1664e-8,1.1664e-8,1.3608e-8,1.3608e-8,1.5552e-8,1.5552e-8,1.7496e-8,1.7496e-8,1.944e-8,2.1384e-8,2.1384e-8,1.7496e-8,1.7496e-8,1.944e-8,2.1384e-8,2.3328e-8,2.3328e-8,2.7216e-8,2.916e-8,3.1104e-8,3.3048e-8,2.916e-8,3.1104e-8,3.4992e-8,3.3048e-8,3.6936e-8,3.888e-8,4.0824e-8,4.4712e-8,0.000576047,5.2488e-8,4.4712e-8,4.4712e-8,4.6656e-8,5.832e-8,6.6096e-8,6.9984e-8,7.776e-8,9.3312e-8,9.5256e-8,1.12752e-7,1.43856e-7,1.41912e-7 ]
      - [ 1.5309e-8,1.3122e-8,1.3122e-8,1.3122e-8,1.5309e-8,1.5309e-8,1.7496e-8,1.7496e-8,1.9683e-8,1.9683e-8,2.187e-8,2.4057e-8,2.4057e-8,1.9683e-8,1.9683e-8,2.187e-8,2.4057e-8,2.6244e-8,2.6244e-8,3.0618e-8,3.2805e-8,3.4992e-8,3.7179e-8,3.2805e-8,3.4992e-8,3.9366e-8,3.7179e-8,4.1553e-8,4.374e-8,4.5927e-8,5.0301e-8,5.2488e-8,0.000729059,5.0301e-8,5.0301e-8,5.2488e-8,6.561e-8,7.4358e-8,7.8732e-8,8.748e-8,1.04976e-7,1.07163e-7,1.26846e-7,1.61838e-7,1.59651e-7 ]
      - [ 1.3041e-8,1.1178e-8,1.1178e-8,1.1178e-8,1.3041e-8,1.3041e-8,1.4904e-8,1.4904e-8,1.6767e-8,1.6767e-8,1.863e-8,2.0493e-8,2.0493e-8,1.6767e-8,1.6767e-8,1.863e-8,2.0493e-8,2.2356e-8,2.2356e-8,2.6082e-8,2.7945e-8,2.9808e-8,3.1671e-8,2.7945e-8,2.9808e-8,3.3534e-8,3.1671e-8,3.5397e-8,3.726e-8,3.9123e-8,4.2849e-8,4.4712e-8,5.0301e-8,0.000529043,4.2849e-8,4.4712e-8,5.589e-8,6.3342e-8,6.7068e-8,7.452e-8,8.9424e-8,9.1287e-8,1.08054e-7,1.37862e-7,1.35999e-7 ]
      - [ 1.3041e-8,1.1178e-8,1.1178e-8,1.1178e-8,1.3041e-8,1.3041e-8,1.4904e-8,1.4904e-8,1.6767e-8,1.6767e-8,1.863e-8,2.0493e-8,2.0493e-8,1.6767e-8,1.6767e-8,1.863e-8,2.0493e-8,2.2356e-8,2.2356e-8,2.6082e-8,2.7945e-8,2.9808e-8,3.1671e-8,2.7945e-8,2.9808e-8,3.3534e-8,3.1671e-8,3.5397e-8,3.726e-8,3.9123e-8,4.2849e-8,4.4712e-8,5.0301e-8,4.2849e-8,0.000529043,4.4712e-8,5.589e-8,6.3342e-8,6.7068e-8,7.452e-8,8.9424e-8,9.1287e-8,1.08054e-7,1.37862e-7,1.35999e-7 ]
      - [ 1.3608e-8,1.1664e-8,1.1664e-8,1.1664e-8,1.3608e-8,1.3608e-8,1.5552e-8,1.5552e-8,1.7496e-8,1.7496e-8,1.944e-8,2.1384e-8,2.1384e-8,1.7496e-8,1.7496e-8,1.944e-8,2.1384e-8,2.3328e-8,2.3328e-8,2.7216e-8,2.916e-8,3.1104e-8,3.3048e-8,2.916e-8,3.1104e-8,3.4992e-8,3.3048e-8,3.6936e-8,3.888e-8,4.0824e-8,4.4712e-8,4.6656e-8,5.2488e-8,4.4712e-8,4.4712e-8,0.000576047,5.832e-8,6.6096e-8,6.9984e-8,7.776e-8,9.3312e-8,9.5256e-8,1.12752e-7,1.43856e-7,1.41912e-7 ]
      - [ 1.701e-8,1.458e-8,1.458e-8,1.458e-8,1.701e-8,1.701e-8,1.944e-8,1.944e-8,2.187e-8,2.187e-8,2.43e-8,2.673e-8,2.673e-8,2.187e-8,2.187e-8,2.43e-8,2.673e-8,2.916e-8,2.916e-8,3.402e-8,3.645e-8,3.888e-8,4.131e-8,3.645e-8,3.888e-8,4.374e-8,4.131e-8,4.617e-8,4.86e-8,5.103e-8,5.589e-8,5.832e-8,6.561e-8,5.589e-8,5.589e-8,5.832e-8,0.000900073,8.262e-8,8.748e-8,9.72e-8,1.1664e-7,1.1907e-7,1.4094e-7,1.7982e-7,1.7739e-7 ]
      - [ 1.9278e-8,1.6524e-8,1.6524e-8,1.6524e-8,1.9278e-8,1.9278e-8,2.2032e-8,2.2032e-8,2.4786e-8,2.4786e-8,2.754e-8,3.0294e-8,3.0294e-8,2.4786e-8,2.4786e-8,2.754e-8,3.0294e-8,3.3048e-8,3.3048e-8,3.8556e-8,4.131e-8,4.4064e-8,4.6818e-8,4.131e-8,4.4064e-8,4.9572e-8,4.6818e-8,5.2326e-8,5.508e-8,5.7834e-8,6.3342e-8,6.6096e-8,7.4358e-8,6.3342e-8,6.3342e-8,6.6096e-8,8.262e-8,0.00115609,9.9144e-8,1.1016e-7,1.32192e-7,1.34946e-7,1.59732e-7,2.03796e-7,2.01042e-7 ]
      - [ 2.0412e-8,1.7496e-8,1.7496e-8,1.7496e-8,2.0412e-8,2.0412e-8,2.3328e-8,2.3328e-8,2.6244e-8,2.6244e-8,2.916e-8,3.2076e-8,3.2076e-8,2.6244e-8,2.6244e-8,2.916e-8,3.2076e-8,3.4992e-8,3.4992e-8,4.0824e-8,4.374e-8,4.6656e-8,4.9572e-8,4.374e-8,4.6656e-8,5.2488e-8,4.9572e-8,5.5404e-8,5.832e-8,6.1236e-8,6.7068e-8,6.9984e-8,7.8732e-8,6.7068e-8,6.7068e-8,6.9984e-8,8.748e-8,9.9144e-8,0.0012961,1.1664e-7,1.39968e-7,1.42884e-7,1.69128e-7,2.15784e-7,2.12868e-7 ]
      - [ 2.268e-8,1.944e-8,1.944e-8,1.944e-8,2.268e-8,2.268e-8,2.592e-8,2.592e-8,2.916e-8,2.916e-8,3.24e-8,3.564e-8,3.564e-8,2.916e-8,2.916e-8,3.24e-8,3.564e-8,3.888e-8,3.888e-8,4.536e-8,4.86e-8,5.184e-8,5.508e-8,4.86e-8,5.184e-8,5.832e-8,5.508e-8,6.156e-8,6.48e-8,6.804e-8,7.452e-8,7.776e-8,8.748e-8,7.452e-8,7.452e-8,7.776e-8,9.72e-8,1.1016e-7,1.1664e-7,0.00160013,1.5552e-7,1.5876e-7,1.8792e-7,2.3976e-7,2.3652e-7 ]
      - [ 2.7216e-8,2.3328e-8,2.3328e-8,2.3328e-8,2.7216e-8,2.7216e-8,3.1104e-8,3.1104e-8,3.4992e-8,3.4992e-8,3.888e-8,4.2768e-8,4.2768e-8,3.4992e-8,3.4992e-8,3.888e-8,4.2768e-8,4.6656e-8,4.6656e-8,5.4432e-8,5.832e-8,6.2208e-8,6.6096e-8,5.832e-8,6.2208e-8,6.9984e-8,6.6096e-8,7.3872e-8,7.776e-8,8.1648e-8,8.9424e-8,9.3312e-8,1.04976e-7,8.9424e-8,8.9424e-8,9.3312e-8,1.1664e-7,1.32192e-7,1.39968e-7,1.5552e-7,0.00230419,1.90512e-7,2.25504e-7,2.87712e-7,2.83824e-7 ]
      - [ 2.7783e-8,2.3814e-8,2.3814e-8,2.3814e-8,2.7783e-8,2.7783e-8,3.1752e-8,3.1752e-8,3.5721e-8,3.5721e-8,3.969e-8,4.3659e-8,4.3659e-8,3.5721e-8,3.5721e-8,3.969e-8,4.3659e-8,4.7628e-8,4.7628e-8,5.5566e-8,5.9535e-8,6.3504e-8,6.7473e-8,5.9535e-8,6.3504e-8,7.1442e-8,6.7473e-8,7.5411e-8,7.938e-8,8.3349e-8,9.1287e-8,9.5256e-8,1.07163e-7,9.1287e-8,9.1287e-8,9.5256e-8,1.1907e-7,1.34946e-7,1.42884e-7,1.5876e-7,1.90512e-7,0.00240119,2.30202e-7,2.93706e-7,2.89737e-7 ]
      - [ 3.2886e-8,2.8188e-8,2.8188e-8,2.8188e-8,3.2886e-8,3.2886e-8,3.7584e-8,3.7584e-8,4.2282e-8,4.2282e-8,4.698e-8,5.1678e-8,5.1678e-8,4.2282e-8,4.2282e-8,4.698e-8,5.1678e-8,5.6376e-8,5.6376e-8,6.5772e-8,7.047e-8,7.5168e-8,7.9866e-8,7.047e-8,7.5168e-8,8.4564e-8,7.9866e-8,8.9262e-8,9.396e-8,9.8658e-8,1.08054e-7,1.12752e-7,1.26846e-7,1.08054e-7,1.08054e-7,1.12752e-7,1.4094e-7,1.59732e-7,1.69128e-7,1.8792e-7,2.25504e-7,2.30202e-7,0.00336427,3.47652e-7,3.42954e-7 ]
      - [ 4.1958e-8,3.5964e-8,3.5964e-8,3.5964e-8,4.1958e-8,4.1958e-8,4.7952e-8,4.7952e-8,5.3946e-8,5.3946e-8,5.994e-8,6.5934e-8,6.5934e-8,5.3946e-8,5.3946e-8,5.994e-8,6.5934e-8,7.1928e-8,7.1928e-8,8.3916e-8,8.991e-8,9.5904e-8,1.01898e-7,8.991e-8,9.5904e-8,1.07892e-7,1.01898e-7,1.13886e-7,1.1988e-7,1.25874e-7,1.37862e-7,1.43856e-7,1.61838e-7,1.37862e-7,1.37862e-7,1.43856e-7,1.7982e-7,2.03796e-7,2.15784e-7,2.3976e-7,2.87712e-7,2.93706e-7,3.47652e-7,0.00547644,4.37562e-7 ]
      - [ 4.1391e-8,3.5478e-8,3.5478e-8,3.5478e-8,4.1391e-8,4.1391e-8,4.7304e-8,4.7304e-8,5.3217e-8,5.3217e-8,5.913e-8,6.5043e-8,6.5043e-8,5.3217e-8,5.3217e-8,5.913e-8,6.5043e-8,7.0956e-8,7.0956e-8,8.2782e-8,8.8695e-8,9.4608e-8,1.00521e-7,8.8695e-8,9.4608e-8,1.06434e-7,1.00521e-7,1.12347e-7,1.1826e-7,1.24173e-7,1.35999e-7,1.41912e-7,1.59651e-7,1.35999e-7,1.35999e-7,1.41912e-7,1.7739e-7,2.01042e-7,2.12868e-7,2.3652e-7,2.83824e-7,2.89737e-7,3.42954e-7,4.37562e-7,0.00532943 ]
