# vim: set fdm=marker :

########
# LHCb #
########
#
# 2015
#
# {{{
Lambda_b->Lambdamu^+mu^-::A_FB^h[15.0,20.0]@LHCb:2015B:
    type: Gaussian
    observable: Lambda_b->Lambdall::A_FB^h@LowRecoil
    kinematics: {q2_min: 15, q2_max: 20}
    options: {l: mu}
    mean: -0.29
    sigma-stat: {hi: 0.07000000000000001, lo: -0.07000000000000001}
    sigma-sys: {hi: 0.03, lo: -0.03}
Lambda_b->Lambdamu^+mu^-::A_FB^l[15.0,20.0]@LHCb:2015B:
    type: Gaussian
    observable: Lambda_b->Lambdall::A_FB^l@LowRecoil
    kinematics: {q2_min: 15, q2_max: 20}
    options: {l: mu}
    mean: -0.05
    sigma-stat: {hi: 0.09, lo: -0.09}
    sigma-sys: {hi: 0.03, lo: -0.03}
Lambda_b->Lambdamu^+mu^-::BR[15.0,20.0]@LHCb:2015B:
    type: Gaussian
    observable: Lambda_b->Lambdall::BR@LowRecoil
    kinematics: {q2_min: 15, q2_max: 20}
    options: {l: mu}
    mean: 6e-07
    sigma-stat: {hi: 4.5e-08, lo: -4.5e-08}
    sigma-sys: {hi: 1.25e-07, lo: -1.25e-07}
Lambda_b->Lambdamu^+mu^-::F_0[15.0,20.0]@LHCb:2015B:
    type: Gaussian
    observable: Lambda_b->Lambdall::F_0@LowRecoil
    kinematics: {q2_min: 15, q2_max: 20}
    options: {l: mu}
    mean: 0.61
    sigma-stat: {hi: 0.11, lo: -0.14}
    sigma-sys: {hi: 0.03, lo: -0.03}
# }}}
#
# 2018
#
# {{{
Lambda_b->Lambdamu^+mu^-::AngularObservables[15.0,20.0]@LHCb:2018A:
    type: MultivariateGaussian
    observables:
        [
          'Lambda_b->Lambdall::M_2@LowRecoil',  'Lambda_b->Lambdall::M_3@LowRecoil',  'Lambda_b->Lambdall::M_4@LowRecoil',
          'Lambda_b->Lambdall::M_5@LowRecoil',  'Lambda_b->Lambdall::M_6@LowRecoil',  'Lambda_b->Lambdall::M_7@LowRecoil',
          'Lambda_b->Lambdall::M_8@LowRecoil',  'Lambda_b->Lambdall::M_9@LowRecoil',  'Lambda_b->Lambdall::M_10@LowRecoil'
        ]
    kinematics:
        [
          { 'q2_min': 15.0, 'q2_max': 20.0 }, { 'q2_min': 15.0, 'q2_max': 20.0 }, { 'q2_min': 15.0, 'q2_max': 20.0 },
          { 'q2_min': 15.0, 'q2_max': 20.0 }, { 'q2_min': 15.0, 'q2_max': 20.0 }, { 'q2_min': 15.0, 'q2_max': 20.0 },
          { 'q2_min': 15.0, 'q2_max': 20.0 }, { 'q2_min': 15.0, 'q2_max': 20.0 }, { 'q2_min': 15.0, 'q2_max': 20.0 },
        ]
    options:
        [
          { 'l': 'mu' }, { 'l': 'mu' }, { 'l': 'mu' }, { 'l': 'mu' }, { 'l': 'mu' }, { 'l': 'mu' }, { 'l': 'mu' }, { 'l': 'mu' },
          { 'l': 'mu' }
        ]
    means:
        [
          +0.308, -0.261, -0.176, -0.251, +0.329, -0.015, -0.099, +0.005, -0.045
        ]
    sigma-stat-hi:
        [
          0.0408, 0.0296, 0.0487, 0.0826, 0.0563, 0.085, 0.0389, 0.0849, 0.0375
        ]
    sigma-stat-lo:
        [
          0.0408, 0.0296, 0.0487, 0.0826, 0.0563, 0.085, 0.0389, 0.0849, 0.0375
        ]
    sigma-sys:
        [
          0.000, 0.000, 0.000, 0.000, 0.000, 0.000, 0.000, 0.000, 0.000
        ]
    correlations:
      - [
          +1.0000000000, -0.3389573000, +0.1962419000, -0.2137827000, +0.2327154000, -0.0197256800, +0.0821587100, -0.0217095500, +0.0524017900
        ]
      - [
          -0.3389573000, +1.0000000000, -0.0772703600, +0.3209345000, -0.1058921000, -0.0659147400, -0.0407738800, -0.0528116200, -0.0331790900
        ]
      - [
          +0.1962419000, -0.0772703600, +1.0000000000, -0.4008742000, +0.0282590500, -0.0207264100, +0.0013495210, +0.0223298400, -0.0350079300
        ]
      - [
          -0.2137827000, +0.3209345000, -0.4008742000, +1.0000000000, -0.4203538000, -0.0179889600, -0.0114994400, +0.0185002400, -0.0130836700
        ]
      - [
          +0.2327154000, -0.1058921000, +0.0282590500, -0.4203538000, +1.0000000000, -0.0089728230, -0.0109176900, -0.0393680800, +0.0462239000
        ]
      - [
          -0.0197256800, -0.0659147400, -0.0207264100, -0.0179889600, -0.0089728230, +1.0000000000, -0.2492902000, +0.0520926300, -0.1170601000
        ]
      - [
          +0.0821587100, -0.0407738800, +0.0013495210, -0.0114994400, -0.0109176900, -0.2492902000, +1.0000000000, -0.1020237000, +0.0517177800
        ]
      - [
          -0.0217095500, -0.0528116200, +0.0223298400, +0.0185002400, -0.0393680800, +0.0520926300, -0.1020237000, +1.0000000000, -0.2975840000
        ]
      - [
          +0.0524017900, -0.0331790900, -0.0350079300, -0.0130836700, +0.0462239000, -0.1170601000, +0.0517177800, -0.2975840000, +1.0000000000
        ]

Lambda_b->Lambdamu^+mu^-::AngularObservables[all,15.0,20.0]@LHCb:2018A:
    type: MultivariateGaussian
    observables:
        [
                                                'Lambda_b->Lambdall::M_2@LowRecoil',  'Lambda_b->Lambdall::M_3@LowRecoil',
          'Lambda_b->Lambdall::M_4@LowRecoil',  'Lambda_b->Lambdall::M_5@LowRecoil',  'Lambda_b->Lambdall::M_6@LowRecoil',
          'Lambda_b->Lambdall::M_7@LowRecoil',  'Lambda_b->Lambdall::M_8@LowRecoil',  'Lambda_b->Lambdall::M_9@LowRecoil',
          'Lambda_b->Lambdall::M_10@LowRecoil', 'Lambda_b->Lambdall::M_11@LowRecoil', 'Lambda_b->Lambdall::M_12@LowRecoil',
          'Lambda_b->Lambdall::M_13@LowRecoil', 'Lambda_b->Lambdall::M_14@LowRecoil', 'Lambda_b->Lambdall::M_15@LowRecoil',
          'Lambda_b->Lambdall::M_16@LowRecoil', 'Lambda_b->Lambdall::M_17@LowRecoil', 'Lambda_b->Lambdall::M_18@LowRecoil',
          'Lambda_b->Lambdall::M_19@LowRecoil', 'Lambda_b->Lambdall::M_20@LowRecoil', 'Lambda_b->Lambdall::M_21@LowRecoil',
          'Lambda_b->Lambdall::M_22@LowRecoil', 'Lambda_b->Lambdall::M_23@LowRecoil', 'Lambda_b->Lambdall::M_24@LowRecoil',
          'Lambda_b->Lambdall::M_25@LowRecoil', 'Lambda_b->Lambdall::M_26@LowRecoil', 'Lambda_b->Lambdall::M_27@LowRecoil',
          'Lambda_b->Lambdall::M_28@LowRecoil', 'Lambda_b->Lambdall::M_29@LowRecoil', 'Lambda_b->Lambdall::M_30@LowRecoil',
          'Lambda_b->Lambdall::M_31@LowRecoil', 'Lambda_b->Lambdall::M_32@LowRecoil', 'Lambda_b->Lambdall::M_33@LowRecoil',
          'Lambda_b->Lambdall::M_34@LowRecoil'
        ]
    kinematics:
        [
          { 'q2_min': 15.0, 'q2_max': 20.0 }, { 'q2_min': 15.0, 'q2_max': 20.0 }, { 'q2_min': 15.0, 'q2_max': 20.0 },
          { 'q2_min': 15.0, 'q2_max': 20.0 }, { 'q2_min': 15.0, 'q2_max': 20.0 }, { 'q2_min': 15.0, 'q2_max': 20.0 },
          { 'q2_min': 15.0, 'q2_max': 20.0 }, { 'q2_min': 15.0, 'q2_max': 20.0 }, { 'q2_min': 15.0, 'q2_max': 20.0 },
          { 'q2_min': 15.0, 'q2_max': 20.0 }, { 'q2_min': 15.0, 'q2_max': 20.0 }, { 'q2_min': 15.0, 'q2_max': 20.0 },
          { 'q2_min': 15.0, 'q2_max': 20.0 }, { 'q2_min': 15.0, 'q2_max': 20.0 }, { 'q2_min': 15.0, 'q2_max': 20.0 },
          { 'q2_min': 15.0, 'q2_max': 20.0 }, { 'q2_min': 15.0, 'q2_max': 20.0 }, { 'q2_min': 15.0, 'q2_max': 20.0 },
          { 'q2_min': 15.0, 'q2_max': 20.0 }, { 'q2_min': 15.0, 'q2_max': 20.0 }, { 'q2_min': 15.0, 'q2_max': 20.0 },
          { 'q2_min': 15.0, 'q2_max': 20.0 }, { 'q2_min': 15.0, 'q2_max': 20.0 }, { 'q2_min': 15.0, 'q2_max': 20.0 },
          { 'q2_min': 15.0, 'q2_max': 20.0 }, { 'q2_min': 15.0, 'q2_max': 20.0 }, { 'q2_min': 15.0, 'q2_max': 20.0 },
          { 'q2_min': 15.0, 'q2_max': 20.0 }, { 'q2_min': 15.0, 'q2_max': 20.0 }, { 'q2_min': 15.0, 'q2_max': 20.0 },
          { 'q2_min': 15.0, 'q2_max': 20.0 }, { 'q2_min': 15.0, 'q2_max': 20.0 }, { 'q2_min': 15.0, 'q2_max': 20.0 }
        ]
    options:
        [
          { 'l': 'mu' }, { 'l': 'mu' }, { 'l': 'mu' }, { 'l': 'mu' }, { 'l': 'mu' }, { 'l': 'mu' }, { 'l': 'mu' }, { 'l': 'mu' },
          { 'l': 'mu' }, { 'l': 'mu' }, { 'l': 'mu' }, { 'l': 'mu' }, { 'l': 'mu' }, { 'l': 'mu' }, { 'l': 'mu' }, { 'l': 'mu' },
          { 'l': 'mu' }, { 'l': 'mu' }, { 'l': 'mu' }, { 'l': 'mu' }, { 'l': 'mu' }, { 'l': 'mu' }, { 'l': 'mu' }, { 'l': 'mu' },
          { 'l': 'mu' }, { 'l': 'mu' }, { 'l': 'mu' }, { 'l': 'mu' }, { 'l': 'mu' }, { 'l': 'mu' }, { 'l': 'mu' }, { 'l': 'mu' },
          { 'l': 'mu' }
        ]
    means:
        [
          +0.308, -0.261, -0.176, -0.251, +0.329, -0.015, -0.099, +0.005, -0.045, -0.007, -0.009, +0.024, +0.010, +0.158, +0.050,
          -0.000, -0.108, -0.151, -0.116, -0.041, -0.014, -0.024, +0.005, -0.226, +0.140, +0.016, +0.032, -0.127, +0.011, +0.180, -0.009,
          +0.022, +0.060
        ]
    sigma-stat-hi:
        [
          0.040, 0.029, 0.046, 0.081, 0.055, 0.084, 0.037, 0.084, 0.037, 0.043, 0.063, 0.045, 0.082, 0.117, 0.084, 0.120, 0.058,
          0.122, 0.056, 0.105, 0.045, 0.077, 0.033, 0.176, 0.074, 0.140, 0.058, 0.097, 0.061, 0.094, 0.055, 0.060, 0.058
        ]
    sigma-stat-lo:
        [
          0.040, 0.029, 0.046, 0.081, 0.055, 0.084, 0.037, 0.084, 0.037, 0.043, 0.063, 0.045, 0.082, 0.117, 0.084, 0.120, 0.058,
          0.122, 0.056, 0.105, 0.045, 0.077, 0.033, 0.176, 0.074, 0.140, 0.058, 0.097, 0.061, 0.094, 0.055, 0.060, 0.058
        ]

    sigma-sys:
        [
          0.008, 0.006, 0.016, 0.016, 0.012, 0.013, 0.012, 0.012, 0.006, 0.009, 0.014, 0.010, 0.013, 0.027, 0.023, 0.022, 0.008,
          0.022, 0.008, 0.020, 0.007, 0.012, 0.005, 0.030, 0.014, 0.025, 0.009, 0.016, 0.011, 0.015, 0.008, 0.009, 0.009
        ]
    correlations:
      - [
          +1.0000000000, -0.3389573000, +0.1962419000, -0.2137827000, +0.2327154000, -0.0197256800, +0.0821587100, -0.0217095500,
          +0.0524017900, +0.0549846600, -0.1146784000, +0.1086045000, -0.0051494640, +0.0759601000, -0.0961782100, -0.0315351600, +0.0858927100,
          -0.0020253690, +0.0925632600, -0.0102595700, -0.0522443500, +0.0367593700, -0.0478620800, -0.0669059400, +0.0027924360, +0.0290669800,
          -0.0074042520, -0.1490395000, +0.0489923700, +0.1375338000, -0.0808172400, +0.0304356500, +0.0686266300
        ]
      - [
          -0.3389573000, +1.0000000000, -0.0772703600, +0.3209345000, -0.1058921000, -0.0659147400, -0.0407738800, -0.0528116200,
          -0.0331790900, -0.0163531400, +0.0837493600, +0.0090585270, +0.0867360000, -0.0476531400, +0.0724260600, -0.0033988220, -0.0127845500,
          -0.0373561900, -0.0412368200, -0.0872056900, +0.0018961770, -0.0540448400, +0.0154818900, +0.1510703000, -0.0444760200, +0.0393946200,
          +0.0316458800, -0.0949666100, +0.0234544500, -0.0630684600, +0.0582470700, +0.0437486700, +0.0260699900
        ]
      - [
          +0.1962419000, -0.0772703600, +1.0000000000, -0.4008742000, +0.0282590500, -0.0207264100, +0.0013495210, +0.0223298400,
          -0.0350079300, +0.0106248200, -0.0193622500, +0.0877012900, -0.0629622400, +0.0866750900, -0.0144208400, -0.0165358600, +0.0693780400,
          +0.0337011400, +0.0078517440, -0.0264642900, +0.0738091100, +0.0167070800, +0.0282652700, -0.0182345500, -0.0311584600, +0.0347682400,
          +0.1115239000, +0.0014042240, +0.0172214600, +0.0490678400, -0.0760512600, -0.0406900600, -0.0143056700
        ]
      - [
          -0.2137827000, +0.3209345000, -0.4008742000, +1.0000000000, -0.4203538000, -0.0179889600, -0.0114994400, +0.0185002400,
          -0.0130836700, -0.0064050100, +0.0733992400, -0.0422598200, +0.0648526000, -0.1596834000, +0.0912184600, +0.0270136200, -0.0394567100,
          +0.0024609150, -0.0015479830, -0.0976953500, +0.0628853000, -0.0016832460, +0.0150924100, +0.0224901900, -0.0362788100, -0.0352245500,
          -0.0483154200, -0.1791374000, +0.0359449000, -0.0911244500, +0.0491246300, +0.0636070900, +0.0551670800
        ]
      - [
          +0.2327154000, -0.1058921000, +0.0282590500, -0.4203538000, +1.0000000000, -0.0089728230, -0.0109176900, -0.0393680800,
          +0.0462239000, +0.0658525700, -0.0595522400, +0.0601356000, +0.0098662890, +0.0726986400, -0.0919431500, -0.0208506700, -0.0016131380,
          +0.0018374190, +0.0468769500, +0.1751371000, -0.0773529600, +0.0304105000, +0.0128700100, -0.0920642600, +0.0068864510, +0.0025912290,
          +0.0113305800, +0.0775455200, +0.0116428400, -0.0035703380, -0.0391074900, -0.0380841200, -0.0437932600
        ]
      - [
          -0.0197256800, -0.0659147400, -0.0207264100, -0.0179889600, -0.0089728230, +1.0000000000, -0.2492902000, +0.0520926300,
          -0.1170601000, +0.0212600500, -0.0298525800, +0.0008085550, -0.0029383370, +0.0146223800, -0.0422082500, +0.0885330800, -0.0234868100,
          +0.0607369900, -0.0333498400, +0.1032743000, +0.0023387340, +0.0936832800, +0.0005741097, +0.1159593000, -0.0300538900, -0.0231296300,
          -0.0528671900, +0.0196682400, +0.0474452700, +0.0148396800, -0.0207831000, -0.0192732500, -0.0766370500
        ]
      - [
          +0.0821587100, -0.0407738800, +0.0013495210, -0.0114994400, -0.0109176900, -0.2492902000, +1.0000000000, -0.1020237000,
          +0.0517177800, -0.1003825000, +0.0377287500, +0.0056813230, +0.0761617400, -0.0484377700, +0.0035608370, -0.0337865200, +0.0457495900,
          -0.0296047500, +0.0134120900, +0.0200071900, +0.0269524400, +0.0245347000, +0.0310755200, -0.0561859900, +0.0099265590, -0.0254110200,
          -0.0658425900, +0.0337612600, -0.1547237000, -0.0442529900, +0.0434495500, -0.0579379900, +0.1037849000
        ]
      - [
          -0.0217095500, -0.0528116200, +0.0223298400, +0.0185002400, -0.0393680800, +0.0520926300, -0.1020237000, +1.0000000000,
          -0.2975840000, +0.0112519500, +0.0008135869, -0.0639338500, +0.0128369600, -0.0019721410, +0.0102164500, +0.0808263400, -0.0477549600,
          +0.1144271000, -0.0396333800, +0.0277177700, -0.0052019500, -0.0623254600, -0.0078715090, -0.0814593000, +0.0033249870, -0.0069203530,
          +0.0234890900, +0.0553217900, -0.0342809400, +0.0033733060, +0.0016964280, -0.0088225190, +0.0123648500
        ]
      - [
          +0.0524017900, -0.0331790900, -0.0350079300, -0.0130836700, +0.0462239000, -0.1170601000, +0.0517177800, -0.2975840000,
          +1.0000000000, -0.1403397900, +0.0376114500, +0.0054614030, +0.0252879900, -0.0125879200, +0.0229033800, -0.0407253700, +0.0382114400,
          -0.0465932500, +0.0165455200, +0.0141225900, +0.0360099800, +0.0034196690, -0.0023500990, -0.0241718200, -0.0195048900, +0.0273351100,
          -0.0092364800, -0.0678866900, +0.0104155100, -0.0490687600, -0.0004389107, +0.0015939920, +0.0421991100
        ]
      - [
          +0.0549846600, -0.0163531400, +0.0106248200, -0.0064050100, +0.0658525700, +0.0212600500, -0.1003825000, +0.0112519500,
          -0.1403397000, +1.0000000000, -0.4177778000, +0.0061645180, -0.3133228000, +0.1952066000, -0.0382691900, -0.0254321600, -0.1005598000,
          +0.0817003800, -0.1156568000, -0.0030423560, +0.0303410600, -0.0656050400, -0.0164795500, +0.0360801600, +0.0234794500, -0.0244753000,
          +0.0685795700, +0.0225719900, +0.0183282700, +0.0348482700, -0.0769122000, +0.0313770200, -0.0217472800
        ]
      - [
          -0.1146784000, +0.0837493600, -0.0193622500, +0.0733992400, -0.0595522400, -0.0298525800, +0.0377287500, +0.0008135869,
          +0.0376114500, -0.4177778000, +1.0000000000, -0.4409648000, +0.2033751000, -0.3757981000, +0.3920292000, +0.0909587200, +0.0038935630,
          -0.0295093400, +0.0068545270, +0.0191185900, +0.0201054100, -0.0343398600, +0.0131515700, -0.0325301400, +0.0047813450, -0.0106120100,
          -0.0369708600, -0.0177773600, +0.0066382090, -0.0649943000, +0.0447876000, -0.0003021245, +0.0237500900
        ]
      - [
          +0.1086045000, +0.0090585270, +0.0877012900, -0.0422598200, +0.0601356000, +0.0008085550, +0.0056813230, -0.0639338500,
          +0.0054614030, +0.0061645180, -0.4409648000, +1.0000000000, -0.0400250600, +0.3969285000, -0.2566285000, -0.1255223000, +0.0327455700,
          -0.0750998300, +0.0366622300, +0.0383269700, +0.0113824500, +0.0120404000, -0.0780230500, -0.0004443596, -0.0275246000, +0.0022254020,
          -0.0133728700, -0.0134685400, +0.0190713200, +0.0838896200, -0.0261902300, +0.0221541800, +0.0045807810
        ]
      - [
          -0.0051494640, +0.0867360000, -0.0629622400, +0.0648526000, +0.0098662890, -0.0029383370, +0.0761617400, +0.0128369600,
          +0.0252879900, -0.3133228000, +0.2033751000, -0.0400250600, +1.0000000000, -0.4246424000, -0.0282441000, -0.0635950000, +0.0611181000,
          -0.0123736700, +0.0586618900, +0.0034731500, +0.0339092000, -0.0093803750, +0.0416811500, +0.0209792100, -0.0380867300, -0.0687997000,
          +0.0086547440, -0.0428556900, +0.0721996900, -0.0263052700, +0.0551124500, -0.0196380300, -0.0431313400
        ]
      - [
          +0.0759601000, -0.0476531400, +0.0866750900, -0.1596834000, +0.0726986400, +0.0146223800, -0.0484377700, -0.0019721410,
          -0.0125879200, +0.1952066000, -0.3757981000, +0.3969285000, -0.4246424000, +1.0000000000, -0.3778385000, -0.0562013000, +0.0034173310,
          +0.0424838300, -0.0494218900, -0.0196709500, -0.0247493600, -0.0098183330, -0.0166840600, +0.0424329000, +0.0124727300, +0.0019061160,
          -0.0282185000, +0.0277336700, -0.0244799400, +0.1204268000, -0.0555287300, -0.0025722030, +0.0353168300
        ]
      - [
          -0.0961782100, +0.0724260600, -0.0144208400, +0.0912184600, -0.0919431500, -0.0422082500, +0.0035608370, +0.0102164500,
          +0.0229033800, -0.0382691900, +0.3920292000, -0.2566285000, -0.0282441000, -0.3778385000, +1.0000000000, +0.0275110100, -0.0727212300,
          -0.0246299000, +0.0345147600, +0.0095696370, +0.0005175786, -0.0123212000, -0.0051460180, +0.0297086900, +0.0380610800, +0.0053455780,
          -0.0658177000, +0.0264403000, -0.0403058000, -0.0923924800, +0.0437678400, -0.0045039280, -0.0234911900
        ]
      - [
          -0.0315351600, -0.0033988220, -0.0165358600, +0.0270136200, -0.0208506700, +0.0885330800, -0.0337865200, +0.0808263400,
          -0.0407253700, -0.0254321600, +0.0909587200, -0.1255223000, -0.0635950000, -0.0562013000, +0.0275110100, +1.0000000000, -0.2098076000,
          -0.0270342500, -0.0595753600, -0.0034630170, -0.0169769400, -0.0198839700, +0.0527468200, -0.0379171700, +0.0371127400, +0.0485721100,
          -0.0006379683, -0.0018069740, -0.0237964500, +0.0161272700, -0.0335703500, -0.0982930200, -0.0055704080
        ]
      - [
          +0.0858927100, -0.0127845500, +0.0693780400, -0.0394567100, -0.0016131380, -0.0234868100, +0.0457495900, -0.0477549600,
          +0.0382114400, -0.1005598000, +0.0038935630, +0.0327455700, +0.0611181000, +0.0034173310, -0.0727212300, -0.2098076000, +1.0000000000,
          -0.0731294900, -0.0206513900, +0.0003645213, -0.0282290600, +0.0462421100, -0.0365362900, +0.0052518150, -0.0734961300, -0.0058935700,
          +0.0313918200, -0.0583339900, -0.0409070800, +0.0015675600, +0.0041978450, -0.0213949400, +0.1203794000
        ]
      - [
          -0.0020253690, -0.0373561900, +0.0337011400, +0.0024609150, +0.0018374190, +0.0607369900, -0.0296047500, +0.1144271000,
          -0.0465932500, +0.0817003800, -0.0295093400, -0.0750998300, -0.0123736700, +0.0424838300, -0.0246299000, -0.0270342500, -0.0731294900,
          +1.0000000000, -0.2428364000, +0.0246181200, -0.0180674800, +0.0303255500, +0.0304100700, +0.0849373000, +0.0178663200, +0.0104326200,
          +0.0031202300, -0.0095318380, -0.0694466900, +0.0215809800, -0.0493312800, +0.0287471100, +0.0012404120
        ]
      - [
          +0.0925632600, -0.0412368200, +0.0078517440, -0.0015479830, +0.0468769500, -0.0333498400, +0.0134120900, -0.0396333800,
          +0.0165455200, -0.1156568000, +0.0068545270, +0.0366622300, +0.0586618900, -0.0494218900, +0.0345147600, -0.0595753600, -0.0206513900,
          -0.2428364000, +1.0000000000, -0.0461607000, -0.0463100400, +0.0163061200, -0.0088438360, +0.0093451520, +0.0817245900, -0.0148029100,
          +0.0218932600, -0.0054987890, -0.0177658000, -0.0210722500, +0.0551251800, -0.0035236900, -0.0157861100
        ]
      - [
          -0.0102595700, -0.0872056900, -0.0264642900, -0.0976953500, +0.1751371000, +0.1032743000, +0.0200071900, +0.0277177700,
          +0.0141225900, -0.0030423560, +0.0191185900, +0.0383269700, +0.0034731500, -0.0196709500, +0.0095696370, -0.0034630170, +0.0003645213,
          +0.0246181200, -0.0461607000, +1.0000000000, -0.3014659000, -0.0457291500, +0.0623216700, -0.0861417200, +0.1501408000, +0.0376037200,
          -0.0066578920, +0.0917146700, -0.0687913500, -0.0689206400, +0.0057992240, -0.0261605900, -0.0192205200
        ]
      - [
          -0.0522443500, +0.0018961770, +0.0738091100, +0.0628853000, -0.0773529600, +0.0023387340, +0.0269524400, -0.0052019500,
          +0.0360099800, +0.0303410600, +0.0201054100, +0.0113824500, +0.0339092000, -0.0247493600, +0.0005175786, -0.0169769400, -0.0282290600,
          -0.0180674800, -0.0463100400, -0.3014659000, +1.0000000000, +0.0574114500, -0.1122647000, +0.1496035000, -0.1146236000, +0.0073541680,
          -0.0152961500, -0.0436230100, +0.1662205000, +0.0219506800, -0.0703343700, +0.0740203500, -0.0687998000
        ]
      - [
          +0.0367593700, -0.0540448400, +0.0167070800, -0.0016832460, +0.0304105000, +0.0936832800, +0.0245347000, -0.0623254600,
          +0.0034196690, -0.0656050400, -0.0343398600, +0.0120404000, -0.0093803750, -0.0098183330, -0.0123212000, -0.0198839700, +0.0462421100,
          +0.0303255500, +0.0163061200, -0.0457291500, +0.0574114500, +1.0000000000, -0.2112190000, +0.0286674400, +0.0018117080, -0.1143626000,
          +0.1816934000, +0.0122707200, +0.0115518900, -0.0019726120, -0.0124153400, -0.0213591400, -0.0539470500
        ]
      - [
          -0.0478620800, +0.0154818900, +0.0282652700, +0.0150924100, +0.0128700100, +0.0005741097, +0.0310755200, -0.0078715090,
          -0.0023500990, -0.0164795500, +0.0131515700, -0.0780230500, +0.0416811500, -0.0166840600, -0.0051460180, +0.0527468200, -0.0365362900,
          +0.0304100700, -0.0088438360, +0.0623216700, -0.1122647000, -0.2112190000, +1.0000000000, +0.0236070600, -0.0447120500, +0.1664328000,
          -0.1464522000, -0.0187578300, -0.0195924900, +0.0176004700, -0.0364830000, -0.0863723100, +0.0056092220
        ]
      - [
          -0.0669059400, +0.1510703000, -0.0182345500, +0.0224901900, -0.0920642600, +0.1159593000, -0.0561859900, -0.0814593000,
          -0.0241718200, +0.0360801600, -0.0325301400, -0.0004443596, +0.0209792100, +0.0424329000, +0.0297086900, -0.0379171700, +0.0052518150,
          +0.0849373000, +0.0093451520, -0.0861417200, +0.1496035000, +0.0286674400, +0.0236070600, +1.0000000000, -0.3046840000, -0.0007766688,
          -0.0073702310, +0.0525129800, -0.0289912200, +0.0177633900, +0.0544738100, -0.0191254400, -0.0301489400
        ]
      - [
          +0.0027924360, -0.0444760200, -0.0311584600, -0.0362788100, +0.0068864510, -0.0300538900, +0.0099265590, +0.0033249870,
          -0.0195048900, +0.0234794500, +0.0047813450, -0.0275246000, -0.0380867300, +0.0124727300, +0.0380610800, +0.0371127400, -0.0734961300,
          +0.0178663200, +0.0817245900, +0.1501408000, -0.1146236000, +0.0018117080, -0.0447120500, -0.3046840000, +1.0000000000, -0.0059740080,
          -0.0582853100, +0.0223584800, +0.0535007500, -0.0317798400, -0.0739714600, +0.1012036000, -0.0523550200
        ]
      - [
          +0.0290669800, +0.0393946200, +0.0347682400, -0.0352245500, +0.0025912290, -0.0231296300, -0.0254110200, -0.0069203530,
          +0.0273351100, -0.0244753000, -0.0106120100, +0.0022254020, -0.0687997000, +0.0019061160, +0.0053455780, +0.0485721100, -0.0058935700,
          +0.0104326200, -0.0148029100, +0.0376037200, +0.0073541680, -0.1143626000, +0.1664328000, -0.0007766688, -0.0059740080, +1.0000000000,
          -0.1302251000, +0.0028297880, -0.0078444230, +0.0843331300, -0.0566336000, +0.0332517600, +0.0340634700
        ]
      - [
          -0.0074042520, +0.0316458800, +0.1115239000, -0.0483154200, +0.0113305800, -0.0528671900, -0.0658425900, +0.0234890900,
          -0.0092364800, +0.0685795700, -0.0369708600, -0.0133728700, +0.0086547440, -0.0282185000, -0.0658177000, -0.0006379683, +0.0313918200,
          +0.0031202300, +0.0218932600, -0.0066578920, -0.0152961500, +0.1816934000, -0.1464522000, -0.0073702310, -0.0582853100, -0.1302251000,
          +1.0000000000, +0.0238501300, -0.0022521670, -0.0386416500, +0.0442944200, -0.0118181600, +0.0113651600
        ]
      - [
          -0.1490395000, -0.0949666100, +0.0014042240, -0.1791374000, +0.0775455200, +0.0196682400, +0.0337612600, +0.0553217900,
          -0.0678866900, +0.0225719900, -0.0177773600, -0.0134685400, -0.0428556900, +0.0277336700, +0.0264403000, -0.0018069740, -0.0583339900,
          -0.0095318380, -0.0054987890, +0.0917146700, -0.0436230100, +0.0122707200, -0.0187578300, +0.0525129800, +0.0223584800, +0.0028297880,
          +0.0238501300, +1.0000000000, -0.3856269000, -0.1240150000, +0.0399319900, +0.0298770600, -0.1484538000
        ]
      - [
          +0.0489923700, +0.0234544500, +0.0172214600, +0.0359449000, +0.0116428400, +0.0474452700, -0.1547237000, -0.0342809400,
          +0.0104155100, +0.0183282700, +0.0066382090, +0.0190713200, +0.0721996900, -0.0244799400, -0.0403058000, -0.0237964500, -0.0409070800,
          -0.0694466900, -0.0177658000, -0.0687913500, +0.1662205000, +0.0115518900, -0.0195924900, -0.0289912200, +0.0535007500, -0.0078444230,
          -0.0022521670, -0.3856269000, +1.0000000000, +0.0381235900, -0.0447457700, +0.1401938000, -0.2405703000
        ]
      - [
          +0.1375338000, -0.0630684600, +0.0490678400, -0.0911244500, -0.0035703380, +0.0148396800, -0.0442529900, +0.0033733060,
          -0.0490687600, +0.0348482700, -0.0649943000, +0.0838896200, -0.0263052700, +0.1204268000, -0.0923924800, +0.0161272700, +0.0015675600,
          +0.0215809800, -0.0210722500, -0.0689206400, +0.0219506800, -0.0019726120, +0.0176004700, +0.0177633900, -0.0317798400, +0.0843331300,
          -0.0386416500, -0.1240150000, +0.0381235900, +1.0000000000, -0.4004544000, -0.1064479000, +0.0756371100
        ]
      - [
          -0.0808172400, +0.0582470700, -0.0760512600, +0.0491246300, -0.0391074900, -0.0207831000, +0.0434495500, +0.0016964280,
          -0.0004389107, -0.0769122000, +0.0447876000, -0.0261902300, +0.0551124500, -0.0555287300, +0.0437678400, -0.0335703500, +0.0041978450,
          -0.0493312800, +0.0551251800, +0.0057992240, -0.0703343700, -0.0124153400, -0.0364830000, +0.0544738100, -0.0739714600, -0.0566336000,
          +0.0442944200, +0.0399319900, -0.0447457700, -0.4004544000, +1.0000000000, -0.2226140000, -0.0718598200
        ]
      - [
          +0.0304356500, +0.0437486700, -0.0406900600, +0.0636070900, -0.0380841200, -0.0192732500, -0.0579379900, -0.0088225190,
          +0.0015939920, +0.0313770200, -0.0003021245, +0.0221541800, -0.0196380300, -0.0025722030, -0.0045039280, -0.0982930200, -0.0213949400,
          +0.0287471100, -0.0035236900, -0.0261605900, +0.0740203500, -0.0213591400, -0.0863723100, -0.0191254400, +0.1012036000, +0.0332517600,
          -0.0118181600, +0.0298770600, +0.1401938000, -0.1064479000, -0.2226140000, +1.0000000000, -0.0395250000
        ]
      - [
          +0.0686266300, +0.0260699900, -0.0143056700, +0.0551670800, -0.0437932600, -0.0766370500, +0.1037849000, +0.0123648500,
          +0.0421991100, -0.0217472800, +0.0237500900, +0.0045807801, -0.0431313400, +0.0353168300, -0.0234911900, -0.0055704008, +0.1203794000,
          +0.0012404120, -0.0157861100, -0.0192205200, -0.0687998000, -0.0539470500, +0.0056092202, -0.0301489400, -0.0523550200, +0.0340634700,
          +0.0113651600, -0.1484538000, -0.2405703000, +0.0756371100, -0.0718598200, -0.0395250000, +1.0000000000
        ]
# }}}
#
# Updated 2015 LHCb BF
#
# {{{
Lambda_b->Lambdamu^+mu^-::BR[15.0,20.0]@BMvD:2019A:
    type: Gaussian
    observable: Lambda_b->Lambdall::BR@LowRecoil
    kinematics: {q2_min: 15, q2_max: 20}
    options: {l: mu}
    mean: 3.49e-07
    sigma-stat: {hi: 2.6e-08, lo: -2.6e-08}
    sigma-sys: {hi: 9.2e-08, lo: -9.2e-08}
# }}}
