# vim: set fdm=marker :

###############################
# B_s -> D_s^(*) form factors #
###############################
# {{{
B_s->D_s^*::A_1[s_max]@HPQCD:2017A:
    type: Gaussian
    observable: B_s->D_s^*::A_1(q2)
    kinematics: {q2: 10.592}
    options: {form-factors: BSZ2015}
    mean: 0.795002
    sigma-stat: {hi: 0.0108041,  lo: -0.0108041}
    sigma-sys:  {hi: 0.0252096,  lo: -0.0252096}
B_s->D_s^*::A_1[s_max]@HPQCD:2019B:
    type: Gaussian
    observable: B_s->D_s^*::A_1(q2)
    kinematics: {q2: 10.592}
    options: {form-factors: BSZ2015}
    mean: 0.812109
    sigma-stat: {hi: 0.008643,  lo: -0.008643}
    sigma-sys:  {hi: 0.008104,  lo: -0.008104}
B_s->D_s^(*)::FormFactors[f_+,f_0,f_T,A_0,A_1,A_2,V,T_1,T_2,T_23]@BGJvD:2019A:
  type: MultivariateGaussian(Covariance)
  observables:
    [ 'B_s->D_s::f_+(q2)',    'B_s->D_s::f_+(q2)',    'B_s->D_s::f_+(q2)',    'B_s->D_s::f_+(q2)',
      'B_s->D_s::f_0(q2)',    'B_s->D_s::f_0(q2)',    'B_s->D_s::f_0(q2)',
      'B_s->D_s::f_T(q2)',    'B_s->D_s::f_T(q2)',    'B_s->D_s::f_T(q2)',    'B_s->D_s::f_T(q2)',
      'B_s->D_s^*::A_0(q2)',  'B_s->D_s^*::A_0(q2)',  'B_s->D_s^*::A_0(q2)',
      'B_s->D_s^*::A_1(q2)',  'B_s->D_s^*::A_1(q2)',  'B_s->D_s^*::A_1(q2)',  'B_s->D_s^*::A_1(q2)',
      'B_s->D_s^*::A_2(q2)',  'B_s->D_s^*::A_2(q2)',  'B_s->D_s^*::A_2(q2)',  'B_s->D_s^*::A_2(q2)',
      'B_s->D_s^*::V(q2)',    'B_s->D_s^*::V(q2)',    'B_s->D_s^*::V(q2)',    'B_s->D_s^*::V(q2)',
      'B_s->D_s^*::T_1(q2)',  'B_s->D_s^*::T_1(q2)',  'B_s->D_s^*::T_1(q2)',  'B_s->D_s^*::T_1(q2)',
      'B_s->D_s^*::T_2(q2)',  'B_s->D_s^*::T_2(q2)',  'B_s->D_s^*::T_2(q2)',
      'B_s->D_s^*::T_23(q2)', 'B_s->D_s^*::T_23(q2)', 'B_s->D_s^*::T_23(q2)', 'B_s->D_s^*::T_23(q2)' ]
  kinematics:
    [ q2: -15.0, q2: -10.0, q2: -5.0, q2: 0.0,
      q2: -15.0, q2: -10.0, q2: -5.0,
      q2: -15.0, q2: -10.0, q2: -5.0, q2: 0.0,
      q2: -15.0, q2: -10.0, q2: -5.0,
      q2: -15.0, q2: -10.0, q2: -5.0, q2: 0.0,
      q2: -15.0, q2: -10.0, q2: -5.0, q2: 0.0,
      q2: -15.0, q2: -10.0, q2: -5.0, q2: 0.0,
      q2: -15.0, q2: -10.0, q2: -5.0, q2: 0.0,
      q2: -15.0, q2: -10.0, q2: -5.0,
      q2: -15.0, q2: -10.0, q2: -5.0, q2: 0.0 ]
  options:
    [ {form-factors: BSZ2015}, {form-factors: BSZ2015}, {form-factors: BSZ2015}, {form-factors: BSZ2015},
      {form-factors: BSZ2015}, {form-factors: BSZ2015}, {form-factors: BSZ2015},
      {form-factors: BSZ2015}, {form-factors: BSZ2015}, {form-factors: BSZ2015}, {form-factors: BSZ2015},
      {form-factors: BSZ2015}, {form-factors: BSZ2015}, {form-factors: BSZ2015},
      {form-factors: BSZ2015}, {form-factors: BSZ2015}, {form-factors: BSZ2015}, {form-factors: BSZ2015},
      {form-factors: BSZ2015}, {form-factors: BSZ2015}, {form-factors: BSZ2015}, {form-factors: BSZ2015},
      {form-factors: BSZ2015}, {form-factors: BSZ2015}, {form-factors: BSZ2015}, {form-factors: BSZ2015},
      {form-factors: BSZ2015}, {form-factors: BSZ2015}, {form-factors: BSZ2015}, {form-factors: BSZ2015},
      {form-factors: BSZ2015}, {form-factors: BSZ2015}, {form-factors: BSZ2015},
      {form-factors: BSZ2015}, {form-factors: BSZ2015}, {form-factors: BSZ2015}, {form-factors: BSZ2015} ]
  means:
    [ 0.46485038579830185, 0.5281254287071985, 0.6066073103975373, 0.708933652460674,
      0.6270692574636896, 0.6519751310146145, 0.6787882291549734,
      0.36433417001286, 0.42444850184814004, 0.5057769496381781, 0.6291900293259669,
      0.4316050797870996, 0.5019760414097483, 0.5928310606864668,
      0.5320630729046285, 0.5610232293544413, 0.5939910133649249, 0.6329765242756212,
      0.3978622711896705, 0.44150582344314915, 0.4884047690553855, 0.5259081960990053,
      0.4806858276946621, 0.5509148437560287, 0.6358758035622883, 0.7356531530066577,
      0.42980238552574707, 0.4938087693286041, 0.5730741003156319, 0.6716487185404159,
      0.5952589092412527, 0.6196504719854842, 0.6440329609217491,
      0.6868569677385414, 0.7279826300117713, 0.7787034145808986, 0.8517644927099782 ]
  covariance:
    - [ 0.010255282455190147, 0.0014856235012518277, 0.001650977462992133, 0.0018872181420355417, 0.00176856039939516, 0.0017872863682566239, 0.0018176870089664252, 0.00047665361809991707, 0.000538747117485284, 0.0006249767972055162, 0.0007681647671665503, 0.0011222248187533564, 0.0012338928590509973, 0.001374810522005026, 0.0016068715707685795, 0.001631414751192862, 0.0016401908621321397, 0.0016175312193721287, 0.001285015360737481, 0.0014148838016525766, 0.0015546348067736096, 0.0016654667124938432, 0.0016714652651215617, 0.0019247447437357066, 0.0022638896254794103, 0.0027769269927486475, 0.0013316195280004437, 0.0015021039352761895, 0.0017144306759348386, 0.0020010840761587874, 0.0020073074937783193, 0.002048883515687862, 0.002059550781836265, 0.0016715310624293709, 0.0016747328446997287, 0.0016924563963082644, 0.001828415904328854 ]
    - [ 0.0014856235012518277, 0.013129127104193955, 0.0018187537526419097, 0.002080797331247991, 0.0019443662441309638, 0.001966787995002265, 0.0020022784123039207, 0.0005289325857648704, 0.00059820419865741, 0.0006944589760245083, 0.0008543243492434143, 0.001234646372380763, 0.0013578362369674952, 0.0015134227741024659, 0.0017699709729431974, 0.0017970089751579554, 0.0018066736446055714, 0.0017817099840204459, 0.0014160912037293246, 0.0015592033637482122, 0.001713109679690215, 0.0018346735639255913, 0.0018434126063535887, 0.0021229964840039726, 0.002497355834962099, 0.0030634333159858126, 0.001467121492977158, 0.0016551919472382077, 0.0018894838093438085, 0.0022058188715260436, 0.002212880892608753, 0.002258604753887364, 0.002270265372034057, 0.0018400715095825291, 0.0018440903619373263, 0.001864275918415753, 0.0020149909318213834 ]
    - [ 0.001650977462992133, 0.0018187537526419097, 0.01718860909895091, 0.0023190031446899137, 0.0021594457972422716, 0.0021868001599295852, 0.0022289894364385136, 0.000593924446002954, 0.0006721957849389895, 0.0007810391210923084, 0.0009618788792608021, 0.0013726018027527135, 0.0015100072879238127, 0.001683722237970888, 0.001970375833250845, 0.002000496519749544, 0.002011274810460771, 0.0019835100607625807, 0.0015772175580759736, 0.0017366070253016994, 0.0019078835331951549, 0.0020424797162524352, 0.002055058039338497, 0.002367078959985291, 0.0027848725466099317, 0.0034163619618553633, 0.0016336668674528819, 0.001843406357697328, 0.0021047802651549485, 0.0024577323986522616, 0.002465678667600144, 0.0025165278138788673, 0.0025294504157114222, 0.0020472817710190183, 0.0020524185082384456, 0.002075784429219774, 0.002244861980807038 ]
    - [ 0.0018872181420355417, 0.002080797331247991, 0.0023190031446899137, 0.02337011090830817, 0.0024671522584488745, 0.0025012901431601202, 0.0025527710014260083, 0.0006863470972247717, 0.0007774370035292227, 0.000904245986420162, 0.001115129049090568, 0.0015695170569150724, 0.001727225591876825, 0.0019268396024744567, 0.0022555695551970756, 0.002290131169988501, 0.0023025671867498896, 0.0022709155875916447, 0.0018061975909299673, 0.001988698645814054, 0.002184599545452697, 0.0023375007196062905, 0.0023558015122006285, 0.002713931642163094, 0.003193505279960233, 0.003918176439137122, 0.0018706006565004118, 0.002111172520965383, 0.002411092314040892, 0.0028162116660950544, 0.0028247709476042966, 0.0028830692155602444, 0.0028979991789750167, 0.0023436519526757417, 0.0023504059207913224, 0.0023783458578695814, 0.0025736914508614197 ]
    - [ 0.00176856039939516, 0.0019443662441309638, 0.0021594457972422716, 0.0024671522584488745, 0.01853576898192768, 0.0023505355256893037, 0.0023835243551375176, 0.0006266365333005465, 0.0007091031808570537, 0.0008237824346474502, 0.0010144348142620877, 0.0014472078915005993, 0.0015916094437508322, 0.00177398899320803, 0.0020737961366560933, 0.0021052119028104033, 0.0021161695655581786, 0.0020863866079811884, 0.0016582987555247666, 0.0018255702472770715, 0.002005134940935083, 0.0021455896743349484, 0.002161559929640308, 0.0024892749609671224, 0.0029279607870114064, 0.003590977701900864, 0.0017192911039957894, 0.0019396153473535242, 0.002214029431463259, 0.0025843784366054827, 0.002595894956932369, 0.0026489160568043983, 0.0026618491146152474, 0.0021570882434239157, 0.002161971224405441, 0.0021859240168511733, 0.0023633808706318028 ]
    - [ 0.0017872863682566239, 0.001966787995002265, 0.0021868001599295852, 0.0025012901431601202, 0.0023505355256893037, 0.019890486254007952, 0.0024118461641400276, 0.0006393988053811206, 0.0007238586863529025, 0.0008413523460501936, 0.0010366790334687917, 0.0014684040331153507, 0.001615288669344808, 0.0018009460802724969, 0.0021067689563257076, 0.002138739744686536, 0.0021499406481291184, 0.0021197838590951306, 0.0016855945138769055, 0.0018556817431380655, 0.0020382316412760532, 0.0021807688934567023, 0.0021981105134874952, 0.0025316656141530555, 0.0029781860946170844, 0.0036528601370349233, 0.0017469494667379099, 0.0019710935089612205, 0.0022503461057110366, 0.002627287655810578, 0.002638450214022438, 0.0026923507985046552, 0.002705543220051043, 0.0021897837698331437, 0.002195243486047433, 0.0022202367926066266, 0.0024013777201657037 ]
    - [ 0.0018176870089664252, 0.0020022784123039207, 0.0022289894364385136, 0.0025527710014260083, 0.0023835243551375176, 0.0024118461641400276, 0.02144330047132633, 0.0006565067681163626, 0.0007435033716714011, 0.0008645695478076815, 0.0010658424323050561, 0.001501442522020828, 0.001652009490126402, 0.001842467024262149, 0.002156599543068334, 0.0021894348502764878, 0.0022010423469600734, 0.002170375848602663, 0.0017263864256421727, 0.0019006860105254134, 0.00208774592053747, 0.0022336627912539347, 0.0022519450145583714, 0.0025939926030097687, 0.0030519267389661955, 0.00374374821829436, 0.001788518342903142, 0.0020182865365861212, 0.002304639383660543, 0.0026912651997038923, 0.002701606546413316, 0.002756935466383337, 0.002770651773316091, 0.0022403707511718858, 0.002246458188322475, 0.0022726954352601456, 0.002458933378026948 ]
    - [ 0.00047665361809991707, 0.0005289325857648704, 0.000593924446002954, 0.0006863470972247717, 0.0006266365333005465, 0.0006393988053811206, 0.0006565067681163626, 0.005678429750940611, 0.00023994304694421412, 0.0002837855726559692, 0.00035352078768591624, 0.00037265314768254965, 0.0004114632761930339, 0.0004610951784089125, 0.0005458613791983971, 0.0005531706158536471, 0.0005547003932142571, 0.0005449219568777403, 0.00043900871437466403, 0.000482402152071681, 0.000527726728685337, 0.0005574213969085187, 0.0005865757674569305, 0.000676247350607555, 0.0007956883255983966, 0.0009734083999907724, 0.000455679023796262, 0.0005149906896288097, 0.0005889316496072062, 0.0006881181731712379, 0.0007006247996463643, 0.0007121166391790125, 0.0007122851405911728, 0.0005570409603782653, 0.0005611221936665385, 0.0005713416789816548, 0.0006246459842873907 ]
    - [ 0.000538747117485284, 0.00059820419865741, 0.0006721957849389895, 0.0007774370035292227, 0.0007091031808570537, 0.0007238586863529025, 0.0007435033716714011, 0.00023994304694421412, 0.007701651727104093, 0.0003296514053941797, 0.00041048240265888496, 0.0004167504787496809, 0.00046044610463614647, 0.0005164208029068361, 0.0006122611561556994, 0.0006203712053920812, 0.000621959219620284, 0.0006108053177993561, 0.0004927498369242791, 0.000541372412002756, 0.0005920027854796114, 0.0006244292646530421, 0.0006603252323050563, 0.0007614204520008649, 0.000896032689104237, 0.0010960405236948648, 0.0005114760674279523, 0.000578211945986789, 0.0006614376885377968, 0.0007730471858221367, 0.0007880886799661633, 0.000800747223605467, 0.0008006295445834884, 0.0006237228851939316, 0.0006287137535960411, 0.0006407556697248641, 0.0007015108628928518 ]
    - [ 0.0006249767972055162, 0.0006944589760245083, 0.0007810391210923084, 0.000904245986420162, 0.0008237824346474502, 0.0008413523460501936, 0.0008645695478076815, 0.0002837855726559692, 0.0003296514053941797, 0.010934658795456742, 0.0004896021272043774, 0.00047750100004635964, 0.0005279651897918367, 0.0005927457920680416, 0.0007037795449964655, 0.0007129890858243865, 0.0007146499784542065, 0.0007015873411380621, 0.0005668172149746167, 0.0006226199668972452, 0.0006804931041468873, 0.000716445435544293, 0.0007622336958099467, 0.0008791399973950789, 0.0010347540132830406, 0.0012656119186229846, 0.000588440316844809, 0.0006654391557292791, 0.000761506229183455, 0.0008903047283542521, 0.0009088266362677758, 0.000923088836751874, 0.0009225736399155104, 0.0007157981575643029, 0.0007221168130571787, 0.0007367756869986411, 0.0008079816109029427 ]
    - [ 0.0007681647671665503, 0.0008543243492434143, 0.0009618788792608021, 0.001115129049090568, 0.0010144348142620877, 0.0010366790334687917, 0.0010658424323050561, 0.00035352078768591624, 0.00041048240265888496, 0.0004896021272043774, 0.016926933415437273, 0.0005785151598180522, 0.0006401943542635666, 0.0007195882600659831, 0.0008551891983113465, 0.0008662262209961744, 0.0008680171562483036, 0.0008518036246356851, 0.0006892237239405175, 0.0007568167649800059, 0.0008264916068194397, 0.0008677636639856862, 0.0009306588921252081, 0.0010737067667609976, 0.0012640683746768897, 0.001546059813845436, 0.0007158665432994718, 0.0008098478245193145, 0.0009271665484687847, 0.0010844369313935689, 0.0011082893035503285, 0.0011252518692556439, 0.001124155279571949, 0.0008690342743444238, 0.0008776183436153361, 0.0008967042524319615, 0.0009853685017350191 ]
    - [ 0.0011222248187533564, 0.001234646372380763, 0.0013726018027527135, 0.0015695170569150724, 0.0014472078915005993, 0.0014684040331153507, 0.001501442522020828, 0.00037265314768254965, 0.0004167504787496809, 0.00047750100004635964, 0.0005785151598180522, 0.010045064541662756, 0.002581325107068589, 0.002844441641509509, 0.002696495881726889, 0.002768515283137767, 0.002829536207176778, 0.0028664798059028942, 0.001832727465629501, 0.00202966858756335, 0.002245576329179471, 0.0024372506221451247, 0.002353319020400997, 0.002703505051971883, 0.003156776075196748, 0.003794899395300341, 0.0019794202105273867, 0.0022476389018442843, 0.0025807093667569807, 0.003015986777683708, 0.0028679666312598946, 0.002954686031813761, 0.00301504310101029, 0.002796034810558301, 0.0028695752663159737, 0.0029719506874596084, 0.0032178065229849758 ]
    - [ 0.0012338928590509973, 0.0013578362369674952, 0.0015100072879238127, 0.001727225591876825, 0.0015916094437508322, 0.001615288669344808, 0.001652009490126402, 0.0004114632761930339, 0.00046044610463614647, 0.0005279651897918367, 0.0006401943542635666, 0.002581325107068589, 0.013211112088477018, 0.0031328459316241576, 0.002991190781763612, 0.0030743381150991353, 0.0031464810548800207, 0.0031938736167888373, 0.0020630975757265223, 0.0022844977128383677, 0.002526836713663926, 0.0027401524060819485, 0.0026409507058109396, 0.003033969984568665, 0.0035420026109795853, 0.0042548063285727244, 0.002223858680697394, 0.002526039413595975, 0.0029013028765253095, 0.0033911679699940014, 0.003218370554424703, 0.0033165452498983452, 0.00338582035277175, 0.003149717533123196, 0.0032356317197598954, 0.0033544522254482503, 0.0036336148368186537 ]
    - [ 0.001374810522005026, 0.0015134227741024659, 0.001683722237970888, 0.0019268396024744567, 0.00177398899320803, 0.0018009460802724969, 0.001842467024262149, 0.0004610951784089125, 0.0005164208029068361, 0.0005927457920680416, 0.0007195882600659831, 0.002844441641509509, 0.0031328459316241576, 0.017975879947025826, 0.0033630229263824436, 0.003460516448973799, 0.003547106675818883, 0.0036082743029844573, 0.002359045713146414, 0.0026116309753305336, 0.0028875084606892064, 0.0031274900373194775, 0.0030075052200389243, 0.0034551670475670053, 0.004033020039775849, 0.004840855081691791, 0.002535260715076135, 0.0028808128507926026, 0.003309974050418128, 0.00386954596808569, 0.003664779005407107, 0.003777584515882293, 0.003858308087010592, 0.0036006161105382735, 0.0037026229711463895, 0.0038427921114895774, 0.004164775060841177 ]
    - [ 0.0016068715707685795, 0.0017699709729431974, 0.001970375833250845, 0.0022555695551970756, 0.0020737961366560933, 0.0021067689563257076, 0.002156599543068334, 0.0005458613791983971, 0.0006122611561556994, 0.0007037795449964655, 0.0008551891983113465, 0.002696495881726889, 0.002991190781763612, 0.0033630229263824436, 0.015073660155996243, 0.0035031165592101557, 0.00358522773376259, 0.003637199166872794, 0.0025342877192782803, 0.0027996115265854016, 0.003087098749136838, 0.0033255190239908166, 0.00318858376687873, 0.0036645532681079756, 0.004282447185166661, 0.005157208454967512, 0.0026634582043562225, 0.003023145221859311, 0.00346998704795949, 0.00405529179077309, 0.003876449753782392, 0.003988688239923692, 0.0040626994787517755, 0.0037019524413139412, 0.003793771094944973, 0.003923807568881301, 0.0042506653885279995 ]
    - [ 0.001631414751192862, 0.0017970089751579554, 0.002000496519749544, 0.002290131169988501, 0.0021052119028104033, 0.002138739744686536, 0.0021894348502764878, 0.0005531706158536471, 0.0006203712053920812, 0.0007129890858243865, 0.0008662262209961744, 0.002768515283137767, 0.0030743381150991353, 0.003460516448973799, 0.0035031165592101557, 0.0165732106577096, 0.00368953690509105, 0.003746444159259144, 0.0026089645353758223, 0.002882364350605247, 0.003178628317714223, 0.0034244583872450754, 0.0032799946558369525, 0.003769526065231023, 0.004404550162130252, 0.0053019966225438175, 0.0027430560446117798, 0.0031140477533362068, 0.0035749411962682116, 0.004178290903628547, 0.0039882977490121214, 0.004104810939075857, 0.0041826121640711235, 0.0038225117819333924, 0.003919361732104558, 0.004055860239427256, 0.0043941824108504075 ]
    - [ 0.0016401908621321397, 0.0018066736446055714, 0.002011274810460771, 0.0023025671867498896, 0.0021161695655581786, 0.0021499406481291184, 0.0022010423469600734, 0.0005547003932142571, 0.000621959219620284, 0.0007146499784542065, 0.0008680171562483036, 0.002829536207176778, 0.0031464810548800207, 0.003547106675818883, 0.00358522773376259, 0.00368953690509105, 0.01832111411292687, 0.003844612212354378, 0.0026746846943660777, 0.0029553324137835354, 0.003259485835911892, 0.0035120429241059597, 0.0033590300122382185, 0.0038602314346546226, 0.004509713951519471, 0.005425355806937699, 0.0028137292853640597, 0.003195061073598131, 0.0036688083497136005, 0.004288467026820106, 0.004085463247258706, 0.004206259920216554, 0.004288272578119894, 0.003934967303443483, 0.004037550264091302, 0.004181209922114755, 0.004530640087317015 ]
    - [ 0.0016175312193721287, 0.0017817099840204459, 0.0019835100607625807, 0.0022709155875916447, 0.0020863866079811884, 0.0021197838590951306, 0.002170375848602663, 0.0005449219568777403, 0.0006108053177993561, 0.0007015873411380621, 0.0008518036246356851, 0.0028664798059028942, 0.0031938736167888373, 0.0036082743029844573, 0.003637199166872794, 0.003746444159259144, 0.003844612212354378, 0.020426641811774095, 0.002719030698784952, 0.0030048796498597157, 0.0033147187642765985, 0.003572252090185297, 0.0034092796167566135, 0.003917775577773961, 0.004575646395563711, 0.0054996065967198, 0.002862793623760548, 0.003251978615414792, 0.003735490270150229, 0.0043671062645200395, 0.004148293561977973, 0.004273119422439379, 0.004359897959090409, 0.004024861143435962, 0.0041342425535235115, 0.004286045064659368, 0.004645262646303947 ]
    - [ 0.001285015360737481, 0.0014160912037293246, 0.0015772175580759736, 0.0018061975909299673, 0.0016582987555247666, 0.0016855945138769055, 0.0017263864256421727, 0.00043900871437466403, 0.0004927498369242791, 0.0005668172149746167, 0.0006892237239405175, 0.001832727465629501, 0.0020630975757265223, 0.002359045713146414, 0.0025342877192782803, 0.0026089645353758223, 0.0026746846943660777, 0.002719030698784952, 0.008561895571431376, 0.0022460561670804994, 0.002467547744562908, 0.0026356590908433774, 0.002492965485736272, 0.0028656180086809686, 0.0033500505925204375, 0.004037683788520379, 0.0020770302453360103, 0.0023570425060620735, 0.002704965656892944, 0.0031611952288374597, 0.003027825525331175, 0.0031138868659111576, 0.0031692103054198795, 0.0028650905101166853, 0.0029340479363790728, 0.0030325378029458254, 0.0032856198188307277 ]
    - [ 0.0014148838016525766, 0.0015592033637482122, 0.0017366070253016994, 0.001988698645814054, 0.0018255702472770715, 0.0018556817431380655, 0.0019006860105254134, 0.000482402152071681, 0.000541372412002756, 0.0006226199668972452, 0.0007568167649800059, 0.00202966858756335, 0.0022844977128383677, 0.0026116309753305336, 0.0027996115265854016, 0.002882364350605247, 0.0029553324137835354, 0.0030048796498597157, 0.0022460561670804994, 0.010507897383514854, 0.0027202645094310304, 0.002908191793910107, 0.0027529715720818744, 0.0031645050048246643, 0.0036994283408850748, 0.004458542263171655, 0.0022942543782297816, 0.002603663036252667, 0.002988127324808892, 0.003492250530893339, 0.003343589380358699, 0.003438904748767859, 0.003500402558897747, 0.0031663942368775786, 0.0032429037734632462, 0.0033520603954766263, 0.0036317455565500257 ]
    - [ 0.0015546348067736096, 0.001713109679690215, 0.0019078835331951549, 0.002184599545452697, 0.002005134940935083, 0.0020382316412760532, 0.00208774592053747, 0.000527726728685337, 0.0005920027854796114, 0.0006804931041468873, 0.0008264916068194397, 0.002245576329179471, 0.002526836713663926, 0.0028875084606892064, 0.003087098749136838, 0.003178628317714223, 0.003259485835911892, 0.0033147187642765985, 0.002467547744562908, 0.0027202645094310304, 0.012821290065928232, 0.0032022131250682385, 0.003034095067912236, 0.003487653080097351, 0.0040771817638846405, 0.004913728795927444, 0.00252947811448033, 0.0028706858175558026, 0.0032946804974147335, 0.0038506519421728537, 0.0036850531291766873, 0.003790496306059045, 0.0038588066922510046, 0.003492746990220117, 0.003577264018510573, 0.0036977394838504296, 0.004005862510236798 ]
    - [ 0.0016654667124938432, 0.0018346735639255913, 0.0020424797162524352, 0.0023375007196062905, 0.0021455896743349484, 0.0021807688934567023, 0.0022336627912539347, 0.0005574213969085187, 0.0006244292646530421, 0.000716445435544293, 0.0008677636639856862, 0.0024372506221451247, 0.0027401524060819485, 0.0031274900373194775, 0.0033255190239908166, 0.0034244583872450754, 0.0035120429241059597, 0.003572252090185297, 0.0026356590908433774, 0.002908191793910107, 0.0032022131250682385, 0.014836722454853287, 0.0032642506779409137, 0.003752099588873303, 0.0043863021836791525, 0.005286714905555425, 0.0027238652395319, 0.003091178389532152, 0.003547623214548097, 0.004146288733024921, 0.003964966985286089, 0.004079250576723516, 0.004153757405365833, 0.0037632161842812754, 0.0038536030026421406, 0.003982402068719332, 0.004312334132679457 ]
    - [ 0.0016714652651215617, 0.0018434126063535887, 0.002055058039338497, 0.0023558015122006285, 0.002161559929640308, 0.0021981105134874952, 0.0022519450145583714, 0.0005865757674569305, 0.0006603252323050563, 0.0007622336958099467, 0.0009306588921252081, 0.002353319020400997, 0.0026409507058109396, 0.0030075052200389243, 0.00318858376687873, 0.0032799946558369525, 0.0033590300122382185, 0.0034092796167566135, 0.002492965485736272, 0.0027529715720818744, 0.003034095067912236, 0.0032642506779409137, 0.012810633070750917, 0.0037748591363427645, 0.004405146386530703, 0.005297363212233653, 0.0026156441541276844, 0.002967998549065604, 0.003405898152579312, 0.0039805307787305205, 0.003826826120847042, 0.003932536809679138, 0.003998128399752899, 0.0035844333653514545, 0.00366916575008886, 0.0037912614862795455, 0.00411085014586422 ]
    - [ 0.0019247447437357066, 0.0021229964840039726, 0.002367078959985291, 0.002713931642163094, 0.0024892749609671224, 0.0025316656141530555, 0.0025939926030097687, 0.000676247350607555, 0.0007614204520008649, 0.0008791399973950789, 0.0010737067667609976, 0.002703505051971883, 0.003033969984568665, 0.0034551670475670053, 0.0036645532681079756, 0.003769526065231023, 0.0038602314346546226, 0.003917775577773961, 0.0028656180086809686, 0.0031645050048246643, 0.003487653080097351, 0.003752099588873303, 0.0037748591363427645, 0.016840294878103193, 0.005057300377572352, 0.006082890305479681, 0.003006294775753944, 0.0034113520938383927, 0.003914798829221249, 0.004575560940695928, 0.004399067869459101, 0.004520569466209954, 0.0045959217583651955, 0.004118480101764971, 0.004215826544618274, 0.0043561615197557175, 0.004723701752332257 ]
    - [ 0.0022638896254794103, 0.002497355834962099, 0.0027848725466099317, 0.003193505279960233, 0.0029279607870114064, 0.0029781860946170844, 0.0030519267389661955, 0.0007956883255983966, 0.000896032689104237, 0.0010347540132830406, 0.0012640683746768897, 0.003156776075196748, 0.0035420026109795853, 0.004033020039775849, 0.004282447185166661, 0.004404550162130252, 0.004509713951519471, 0.004575646395563711, 0.0033500505925204375, 0.0036994283408850748, 0.0040771817638846405, 0.0043863021836791525, 0.004405146386530703, 0.005057300377572352, 0.022566324758842536, 0.007104355259488236, 0.0035136265551210352, 0.003986906809861272, 0.004575230278666665, 0.005347786828692707, 0.00514309280968481, 0.0052849790053221815, 0.005372672622176483, 0.004809050049717157, 0.0049217022375520995, 0.005084511725505938, 0.005513509598957212 ]
    - [ 0.0027769269927486475, 0.0030634333159858126, 0.0034163619618553633, 0.003918176439137122, 0.003590977701900864, 0.0036528601370349233, 0.00374374821829436, 0.0009734083999907724, 0.0010960405236948648, 0.0012656119186229846, 0.001546059813845436, 0.003794899395300341, 0.0042548063285727244, 0.004840855081691791, 0.005157208454967512, 0.0053019966225438175, 0.005425355806937699, 0.0054996065967198, 0.004037683788520379, 0.004458542263171655, 0.004913728795927444, 0.005286714905555425, 0.005297363212233653, 0.006082890305479681, 0.007104355259488236, 0.030859346047453464, 0.004232339091673742, 0.004801432392951964, 0.005509018359152108, 0.0064395186319523064, 0.006199300324873009, 0.006369707109585266, 0.006473840364021962, 0.005778495739477209, 0.005909097381014244, 0.006099498568693384, 0.0066125341274215245 ]
    - [ 0.0013316195280004437, 0.001467121492977158, 0.0016336668674528819, 0.0018706006565004118, 0.0017192911039957894, 0.0017469494667379099, 0.001788518342903142, 0.000455679023796262, 0.0005114760674279523, 0.000588440316844809, 0.0007158665432994718, 0.0019794202105273867, 0.002223858680697394, 0.002535260715076135, 0.0026634582043562225, 0.0027430560446117798, 0.0028137292853640597, 0.002862793623760548, 0.0020770302453360103, 0.0022942543782297816, 0.00252947811448033, 0.0027238652395319, 0.0026156441541276844, 0.003006294775753944, 0.0035136265551210352, 0.004232339091673742, 0.00988677186294044, 0.0025758530111783615, 0.002948993033253368, 0.003435274641600482, 0.0031754603903141887, 0.0032669155241974424, 0.0033266623727337156, 0.0030232746881180043, 0.003097439030836718, 0.0032029335812678475, 0.003470694797984669 ]
    - [ 0.0015021039352761895, 0.0016551919472382077, 0.001843406357697328, 0.002111172520965383, 0.0019396153473535242, 0.0019710935089612205, 0.0020182865365861212, 0.0005149906896288097, 0.000578211945986789, 0.0006654391557292791, 0.0008098478245193145, 0.0022476389018442843, 0.002526039413595975, 0.0028808128507926026, 0.003023145221859311, 0.0031140477533362068, 0.003195061073598131, 0.003251978615414792, 0.0023570425060620735, 0.002603663036252667, 0.0028706858175558026, 0.003091178389532152, 0.002967998549065604, 0.0034113520938383927, 0.003986906809861272, 0.004801432392951964, 0.0025758530111783615, 0.012966846241997693, 0.003341733484912718, 0.0038937440980486614, 0.0036033003045310126, 0.003707388106278439, 0.003775754762226807, 0.003434572809148496, 0.0035200236784375012, 0.0036412411046301153, 0.003946334796407278 ]
    - [ 0.0017144306759348386, 0.0018894838093438085, 0.0021047802651549485, 0.002411092314040892, 0.002214029431463259, 0.0022503461057110366, 0.002304639383660543, 0.0005889316496072062, 0.0006614376885377968, 0.000761506229183455, 0.0009271665484687847, 0.0025807093667569807, 0.0029013028765253095, 0.003309974050418128, 0.00346998704795949, 0.0035749411962682116, 0.0036688083497136005, 0.003735490270150229, 0.002704965656892944, 0.002988127324808892, 0.0032946804974147335, 0.003547623214548097, 0.003405898152579312, 0.003914798829221249, 0.004575230278666665, 0.005509018359152108, 0.002948993033253368, 0.003341733484912718, 0.017361524244505145, 0.0044615750524847385, 0.004134871358722904, 0.004254694404953855, 0.004333819830412007, 0.003945530774733419, 0.0040450219996031374, 0.004185804206698955, 0.004537341880219691 ]
    - [ 0.0020010840761587874, 0.0022058188715260436, 0.0024577323986522616, 0.0028162116660950544, 0.0025843784366054827, 0.002627287655810578, 0.0026912651997038923, 0.0006881181731712379, 0.0007730471858221367, 0.0008903047283542521, 0.0010844369313935689, 0.003015986777683708, 0.0033911679699940014, 0.00386954596808569, 0.00405529179077309, 0.004178290903628547, 0.004288467026820106, 0.0043671062645200395, 0.0031611952288374597, 0.003492250530893339, 0.0038506519421728537, 0.004146288733024921, 0.0039805307787305205, 0.004575560940695928, 0.005347786828692707, 0.0064395186319523064, 0.003435274641600482, 0.0038937440980486614, 0.0044615750524847385, 0.023791933621947477, 0.004831880635541295, 0.0049722981006397205, 0.005065348553585986, 0.004612908248535059, 0.0047299217417217845, 0.004895356378362889, 0.005307091945526799 ]
    - [ 0.0020073074937783193, 0.002212880892608753, 0.002465678667600144, 0.0028247709476042966, 0.002595894956932369, 0.002638450214022438, 0.002701606546413316, 0.0007006247996463643, 0.0007880886799661633, 0.0009088266362677758, 0.0011082893035503285, 0.0028679666312598946, 0.003218370554424703, 0.003664779005407107, 0.003876449753782392, 0.0039882977490121214, 0.004085463247258706, 0.004148293561977973, 0.003027825525331175, 0.003343589380358699, 0.0036850531291766873, 0.003964966985286089, 0.003826826120847042, 0.004399067869459101, 0.00514309280968481, 0.006199300324873009, 0.0031754603903141887, 0.0036033003045310126, 0.004134871358722904, 0.004831880635541295, 0.01953940120967549, 0.005042807306318632, 0.00509436962643842, 0.00446453363588264, 0.004579656671504016, 0.004738599252352639, 0.00512352070057008 ]
    - [ 0.002048883515687862, 0.002258604753887364, 0.0025165278138788673, 0.0028830692155602444, 0.0026489160568043983, 0.0026923507985046552, 0.002756935466383337, 0.0007121166391790125, 0.000800747223605467, 0.000923088836751874, 0.0011252518692556439, 0.002954686031813761, 0.0033165452498983452, 0.003777584515882293, 0.003988688239923692, 0.004104810939075857, 0.004206259920216554, 0.004273119422439379, 0.0031138868659111576, 0.003438904748767859, 0.003790496306059045, 0.004079250576723516, 0.003932536809679138, 0.004520569466209954, 0.0052849790053221815, 0.006369707109585266, 0.0032669155241974424, 0.003707388106278439, 0.004254694404953855, 0.0049722981006397205, 0.005042807306318632, 0.020978382236047, 0.005214032445325185, 0.0045986656907709, 0.004715960156051943, 0.004878935246485063, 0.0052782107732815275 ]
    - [ 0.002059550781836265, 0.002270265372034057, 0.0025294504157114222, 0.0028979991789750167, 0.0026618491146152474, 0.002705543220051043, 0.002770651773316091, 0.0007122851405911728, 0.0008006295445834884, 0.0009225736399155104, 0.001124155279571949, 0.00301504310101029, 0.00338582035277175, 0.003858308087010592, 0.0040626994787517755, 0.0041826121640711235, 0.004288272578119894, 0.004359897959090409, 0.0031692103054198795, 0.003500402558897747, 0.0038588066922510046, 0.004153757405365833, 0.003998128399752899, 0.0045959217583651955, 0.005372672622176483, 0.006473840364021962, 0.0033266623727337156, 0.003775754762226807, 0.004333819830412007, 0.005065348553585986, 0.00509436962643842, 0.005214032445325185, 0.02237254544231398, 0.00469100809962741, 0.0048107050955401645, 0.00497752562606891, 0.005387166366645984 ]
    - [ 0.0016715310624293709, 0.0018400715095825291, 0.0020472817710190183, 0.0023436519526757417, 0.0021570882434239157, 0.0021897837698331437, 0.0022403707511718858, 0.0005570409603782653, 0.0006237228851939316, 0.0007157981575643029, 0.0008690342743444238, 0.002796034810558301, 0.003149717533123196, 0.0036006161105382735, 0.0037019524413139412, 0.0038225117819333924, 0.003934967303443483, 0.004024861143435962, 0.0028650905101166853, 0.0031663942368775786, 0.003492746990220117, 0.0037632161842812754, 0.0035844333653514545, 0.004118480101764971, 0.004809050049717157, 0.005778495739477209, 0.0030232746881180043, 0.003434572809148496, 0.003945530774733419, 0.004612908248535059, 0.00446453363588264, 0.0045986656907709, 0.00469100809962741, 0.02383484280638353, 0.004506283437200787, 0.0046660621021066065, 0.005063306299600781 ]
    - [ 0.0016747328446997287, 0.0018440903619373263, 0.0020524185082384456, 0.0023504059207913224, 0.002161971224405441, 0.002195243486047433, 0.002246458188322475, 0.0005611221936665385, 0.0006287137535960411, 0.0007221168130571787, 0.0008776183436153361, 0.0028695752663159737, 0.0032356317197598954, 0.0037026229711463895, 0.003793771094944973, 0.003919361732104558, 0.004037550264091302, 0.0041342425535235115, 0.0029340479363790728, 0.0032429037734632462, 0.003577264018510573, 0.0038536030026421406, 0.00366916575008886, 0.004215826544618274, 0.0049217022375520995, 0.005909097381014244, 0.003097439030836718, 0.0035200236784375012, 0.0040450219996031374, 0.0047299217417217845, 0.004579656671504016, 0.004715960156051943, 0.0048107050955401645, 0.004506283437200787, 0.026468036174515354, 0.004799945178503537, 0.005206637390102769 ]
    - [ 0.0016924563963082644, 0.001864275918415753, 0.002075784429219774, 0.0023783458578695814, 0.0021859240168511733, 0.0022202367926066266, 0.0022726954352601456, 0.0005713416789816548, 0.0006407556697248641, 0.0007367756869986411, 0.0008967042524319615, 0.0029719506874596084, 0.0033544522254482503, 0.0038427921114895774, 0.003923807568881301, 0.004055860239427256, 0.004181209922114755, 0.004286045064659368, 0.0030325378029458254, 0.0033520603954766263, 0.0036977394838504296, 0.003982402068719332, 0.0037912614862795455, 0.0043561615197557175, 0.005084511725505938, 0.006099498568693384, 0.0032029335812678475, 0.0036412411046301153, 0.004185804206698955, 0.004895356378362889, 0.004738599252352639, 0.004878935246485063, 0.00497752562606891, 0.0046660621021066065, 0.004799945178503537, 0.029972397491502004, 0.0054062762740084164 ]
    - [ 0.001828415904328854, 0.0020149909318213834, 0.002244861980807038, 0.0025736914508614197, 0.0023633808706318028, 0.0024013777201657037, 0.002458933378026948, 0.0006246459842873907, 0.0007015108628928518, 0.0008079816109029427, 0.0009853685017350191, 0.0032178065229849758, 0.0036336148368186537, 0.004164775060841177, 0.0042506653885279995, 0.0043941824108504075, 0.004530640087317015, 0.004645262646303947, 0.0032856198188307277, 0.0036317455565500257, 0.004005862510236798, 0.004312334132679457, 0.00411085014586422, 0.004723701752332257, 0.005513509598957212, 0.0066125341274215245, 0.003470694797984669, 0.003946334796407278, 0.004537341880219691, 0.005307091945526799, 0.00512352070057008, 0.0052782107732815275, 0.005387166366645984, 0.005063306299600781, 0.005206637390102769, 0.0054062762740084164, 0.035773543658612815 ]
B_s->D_s^(*)::FormFactors[f_+,f_0,A_0,A_1,A_2,V,T_1,T_2,T_23]@BGJvD:2019A:
  type: MultivariateGaussian(Covariance)
  observables:
    [ 'B_s->D_s::f_+(q2)',    'B_s->D_s::f_+(q2)',    'B_s->D_s::f_+(q2)',    'B_s->D_s::f_+(q2)',
      'B_s->D_s::f_0(q2)',    'B_s->D_s::f_0(q2)',    'B_s->D_s::f_0(q2)',
      'B_s->D_s^*::A_0(q2)',  'B_s->D_s^*::A_0(q2)',  'B_s->D_s^*::A_0(q2)',
      'B_s->D_s^*::A_1(q2)',  'B_s->D_s^*::A_1(q2)',  'B_s->D_s^*::A_1(q2)',  'B_s->D_s^*::A_1(q2)',
      'B_s->D_s^*::A_2(q2)',  'B_s->D_s^*::A_2(q2)',  'B_s->D_s^*::A_2(q2)',  'B_s->D_s^*::A_2(q2)',
      'B_s->D_s^*::V(q2)',    'B_s->D_s^*::V(q2)',    'B_s->D_s^*::V(q2)',    'B_s->D_s^*::V(q2)',
      'B_s->D_s^*::T_1(q2)',  'B_s->D_s^*::T_1(q2)',  'B_s->D_s^*::T_1(q2)',  'B_s->D_s^*::T_1(q2)',
      'B_s->D_s^*::T_2(q2)',  'B_s->D_s^*::T_2(q2)',  'B_s->D_s^*::T_2(q2)',
      'B_s->D_s^*::T_23(q2)', 'B_s->D_s^*::T_23(q2)', 'B_s->D_s^*::T_23(q2)', 'B_s->D_s^*::T_23(q2)' ]
  kinematics:
    [ q2: -15.0, q2: -10.0, q2: -5.0, q2: 0.0,
      q2: -15.0, q2: -10.0, q2: -5.0,
      q2: -15.0, q2: -10.0, q2: -5.0,
      q2: -15.0, q2: -10.0, q2: -5.0, q2: 0.0,
      q2: -15.0, q2: -10.0, q2: -5.0, q2: 0.0,
      q2: -15.0, q2: -10.0, q2: -5.0, q2: 0.0,
      q2: -15.0, q2: -10.0, q2: -5.0, q2: 0.0,
      q2: -15.0, q2: -10.0, q2: -5.0,
      q2: -15.0, q2: -10.0, q2: -5.0, q2: 0.0 ]
  options:
    [ {form-factors: BSZ2015}, {form-factors: BSZ2015}, {form-factors: BSZ2015}, {form-factors: BSZ2015},
      {form-factors: BSZ2015}, {form-factors: BSZ2015}, {form-factors: BSZ2015},
      {form-factors: BSZ2015}, {form-factors: BSZ2015}, {form-factors: BSZ2015},
      {form-factors: BSZ2015}, {form-factors: BSZ2015}, {form-factors: BSZ2015}, {form-factors: BSZ2015},
      {form-factors: BSZ2015}, {form-factors: BSZ2015}, {form-factors: BSZ2015}, {form-factors: BSZ2015},
      {form-factors: BSZ2015}, {form-factors: BSZ2015}, {form-factors: BSZ2015}, {form-factors: BSZ2015},
      {form-factors: BSZ2015}, {form-factors: BSZ2015}, {form-factors: BSZ2015}, {form-factors: BSZ2015},
      {form-factors: BSZ2015}, {form-factors: BSZ2015}, {form-factors: BSZ2015},
      {form-factors: BSZ2015}, {form-factors: BSZ2015}, {form-factors: BSZ2015}, {form-factors: BSZ2015} ]
  means:
    [ 0.46485038579830185, 0.5281254287071985, 0.6066073103975373, 0.708933652460674,
      0.6270692574636896, 0.6519751310146145, 0.6787882291549734,
      0.4316050797870996, 0.5019760414097483, 0.5928310606864668,
      0.5320630729046285, 0.5610232293544413, 0.5939910133649249, 0.6329765242756212,
      0.3978622711896705, 0.44150582344314915, 0.4884047690553855, 0.5259081960990053,
      0.4806858276946621, 0.5509148437560287, 0.6358758035622883, 0.7356531530066577,
      0.42980238552574707, 0.4938087693286041, 0.5730741003156319, 0.6716487185404159,
      0.5952589092412527, 0.6196504719854842, 0.6440329609217491,
      0.6868569677385414, 0.7279826300117713, 0.7787034145808986, 0.8517644927099782 ]
  covariance:
    - [ 0.010255282455190147, 0.0014856235012518277, 0.001650977462992133, 0.0018872181420355417, 0.00176856039939516, 0.0017872863682566239, 0.0018176870089664252, 0.0011222248187533564, 0.0012338928590509973, 0.001374810522005026, 0.0016068715707685795, 0.001631414751192862, 0.0016401908621321397, 0.0016175312193721287, 0.001285015360737481, 0.0014148838016525766, 0.0015546348067736096, 0.0016654667124938432, 0.0016714652651215617, 0.0019247447437357066, 0.0022638896254794103, 0.0027769269927486475, 0.0013316195280004437, 0.0015021039352761895, 0.0017144306759348386, 0.0020010840761587874, 0.0020073074937783193, 0.002048883515687862, 0.002059550781836265, 0.0016715310624293709, 0.0016747328446997287, 0.0016924563963082644, 0.001828415904328854 ]
    - [ 0.0014856235012518277, 0.013129127104193955, 0.0018187537526419097, 0.002080797331247991, 0.0019443662441309638, 0.001966787995002265, 0.0020022784123039207, 0.001234646372380763, 0.0013578362369674952, 0.0015134227741024659, 0.0017699709729431974, 0.0017970089751579554, 0.0018066736446055714, 0.0017817099840204459, 0.0014160912037293246, 0.0015592033637482122, 0.001713109679690215, 0.0018346735639255913, 0.0018434126063535887, 0.0021229964840039726, 0.002497355834962099, 0.0030634333159858126, 0.001467121492977158, 0.0016551919472382077, 0.0018894838093438085, 0.0022058188715260436, 0.002212880892608753, 0.002258604753887364, 0.002270265372034057, 0.0018400715095825291, 0.0018440903619373263, 0.001864275918415753, 0.0020149909318213834 ]
