# vim: set fdm=marker :

#########################
# B_s -> eta form factors #
#########################
# {{{
# These form factors assume a eta-eta' mixing angle of 39.3 degrees
B_s->eta::f_0+f_++f_T@MR:2025A:
    type: MultivariateGaussian(Covariance)
    observables:
        [ 'B_s->eta::f_+(q2)', 'B_s->eta::f_+(q2)', 'B_s->eta::f_+(q2)', 'B_s->eta::f_+(q2)',
          'B_s->eta::f_0(q2)', 'B_s->eta::f_0(q2)',                      'B_s->eta::f_0(q2)',
          'B_s->eta::f_T(q2)', 'B_s->eta::f_T(q2)', 'B_s->eta::f_T(q2)', 'B_s->eta::f_T(q2)' ]
    kinematics:
        [ {q2: -10}, {q2: -5}, {q2: 0}, {q2: 5},
          {q2: -10}, {q2: -5},          {q2: 5},
          {q2: -10}, {q2: -5}, {q2: 0}, {q2: 5}]
    options:
        [ {form-factors: BSZ2015}, {form-factors: BSZ2015}, {form-factors: BSZ2015}, {form-factors: BSZ2015},
          {form-factors: BSZ2015}, {form-factors: BSZ2015}, {form-factors: BSZ2015},
          {form-factors: BSZ2015}, {form-factors: BSZ2015}, {form-factors: BSZ2015}, {form-factors: BSZ2015} ]
    means:
        [-0.156307, -0.192763, -0.245166, -0.32411, -0.192564, -0.215081, -0.286874, -0.161508, -0.199508, -0.254431, -0.3374]
    covariance:
        - [0.000131721, 0.0000931151, 0.000086978, 0.0000680329, 0.00011459, 0.000103384, 0.0000650327, 0.000098961, 0.0000961435, 0.0000836669, 0.0000531131]
        - [0.0000931151, 0.000160188, 0.000103512, 0.0000944534, 0.000114986, 0.000111804, 0.0000883417, 0.0000985055, 0.000103117, 0.000100122, 0.000080279]
        - [0.000086978, 0.000103512, 0.00021493, 0.00012567, 0.000106954, 0.000114767, 0.000115394, 0.0000898171, 0.000104011, 0.000114957, 0.000113557]
        - [0.0000680329, 0.0000944534, 0.00012567, 0.000324381, 0.0000828436, 0.000104527, 0.000140938, 0.0000658225, 0.0000911268, 0.000120879, 0.000148273]
        - [0.00011459, 0.000114986, 0.000106954, 0.0000828436, 0.000201272, 0.000127767, 0.0000791798, 0.00012261, 0.000118823, 0.000102746, 0.0000639454]
        - [0.000103384, 0.000111804, 0.000114767, 0.000104527, 0.000127767, 0.000198161, 0.0000977096, 0.000109424, 0.000114454, 0.000110909, 0.0000885395]
        - [0.0000650327, 0.0000883417, 0.000115394, 0.000140938, 0.0000791798, 0.0000977096, 0.000259123, 0.0000636113, 0.0000858124, 0.000111296, 0.000133424]
        - [0.000098961, 0.0000985055, 0.0000898171, 0.0000658225, 0.00012261, 0.000109424, 0.0000636113, 0.000148886, 0.00010313, 0.0000873598, 0.0000503258]
        - [0.0000961435, 0.000103117, 0.000104011, 0.0000911268, 0.000118823, 0.000114454, 0.0000858124, 0.00010313, 0.000170715, 0.000101768, 0.0000772801]
        - [0.0000836669, 0.000100122, 0.000114957, 0.000120879, 0.000102746, 0.000110909, 0.000111296, 0.0000873598, 0.000101768, 0.000216217, 0.000110693]
        - [0.0000531131, 0.000080279, 0.000113557, 0.000148273, 0.0000639454, 0.0000885395, 0.000133424, 0.0000503258, 0.0000772801, 0.000110693, 0.000326989]
B_s->eta_prime::f_0+f_++f_T@MR:2025A:
    type: MultivariateGaussian(Covariance)
    observables:
        [ 'B_s->eta_prime::f_+(q2)', 'B_s->eta_prime::f_+(q2)', 'B_s->eta_prime::f_+(q2)', 'B_s->eta_prime::f_+(q2)',
          'B_s->eta_prime::f_0(q2)', 'B_s->eta_prime::f_0(q2)',                            'B_s->eta_prime::f_0(q2)',
          'B_s->eta_prime::f_T(q2)', 'B_s->eta_prime::f_T(q2)', 'B_s->eta_prime::f_T(q2)', 'B_s->eta_prime::f_T(q2)' ]
    kinematics:
        [ {q2: -10}, {q2: -5}, {q2: 0}, {q2: 5},
          {q2: -10}, {q2: -5},          {q2: 5},
          {q2: -10}, {q2: -5}, {q2: 0}, {q2: 5}]
    options:
        [ {form-factors: BSZ2015}, {form-factors: BSZ2015}, {form-factors: BSZ2015}, {form-factors: BSZ2015},
          {form-factors: BSZ2015}, {form-factors: BSZ2015}, {form-factors: BSZ2015},
          {form-factors: BSZ2015}, {form-factors: BSZ2015}, {form-factors: BSZ2015}, {form-factors: BSZ2015} ]
    means:
        [0.176466, 0.217693, 0.276997, 0.366424, 0.21747, 0.242951, 0.32414, 0.195766, 0.24214, 0.309266, 0.410846]
    covariance:
        - [0.000328793, 0.000316886, 0.00035805, 0.00040277, 0.000363104, 0.000364413, 0.000344518, 0.000274723, 0.000296415, 0.000308976, 0.000304233]
        - [0.000316886, 0.000447376, 0.000433964, 0.000505535, 0.000413682, 0.000427841, 0.00043122, 0.000306262, 0.000343064, 0.000374132, 0.000391355]
        - [0.00035805, 0.000433964, 0.000648126, 0.000636727, 0.000469272, 0.000500695, 0.00054095, 0.000336019, 0.00039214, 0.000449574, 0.000502389]
        - [0.00040277, 0.000505535, 0.000636727, 0.00102262, 0.000531258, 0.000585283, 0.000682024, 0.000360536, 0.000440765, 0.000535104, 0.000644024]
        - [0.000363104, 0.000413682, 0.000469272, 0.000531258, 0.000549745, 0.00047664, 0.000452782, 0.000354632, 0.000383324, 0.000400556, 0.000396577]
        - [0.000364413, 0.000427841, 0.000500695, 0.000585283, 0.00047664, 0.00058768, 0.000498197, 0.000350283, 0.000392662, 0.000428745, 0.000449836]
        - [0.000344518, 0.00043122, 0.00054095, 0.000682024, 0.000452782, 0.000498197, 0.000745824, 0.000312328, 0.000380657, 0.000460067, 0.000549537]
        - [0.000274723, 0.000306262, 0.000336019, 0.000360536, 0.000354632, 0.000350283, 0.000312328, 0.000343122, 0.000298849, 0.000301792, 0.000278712]
        - [0.000296415, 0.000343064, 0.00039214, 0.000440765, 0.000383324, 0.000392662, 0.000380657, 0.000298849, 0.000424729, 0.000352992, 0.000353267]
        - [0.000308976, 0.000374132, 0.000449574, 0.000535104, 0.000400556, 0.000428745, 0.000460067, 0.000301792, 0.000352992, 0.000556254, 0.000443523]
        - [0.000304233, 0.000391355, 0.000502389, 0.000644024, 0.000396577, 0.000449836, 0.000549537, 0.000278712, 0.000353267, 0.000443523, 0.0008188]
# }}}

###########################
# B_s -> D_s form factors #
###########################
# {{{
B_s->D_s::f_++f_0@HPQCD:2019A:
  type: MultivariateGaussian(Covariance)
  observables:
  - B_s->D_s::f_+(q2)
  - B_s->D_s::f_+(q2)
  - B_s->D_s::f_+(q2)
  - B_s->D_s::f_0(q2)
  - B_s->D_s::f_0(q2)
  kinematics:
  - q2:  0.0
  - q2:  5.77524
  - q2: 11.5497
  - q2:  5.77524
  - q2: 11.5497
  options:
  - {form-factors: BSZ2015}
  - {form-factors: BSZ2015}
  - {form-factors: BSZ2015}
  - {form-factors: BSZ2015}
  - {form-factors: BSZ2015}
  means:
  - 0.665662
  - 0.885003
  - 1.20904
  - 0.772184
  - 0.916512
  covariance:
  - [0.00015000105274455796, 0.00016752844860764895, 0.00019112097661962943, 0.00011156914871335015, 0.00005264249789571802]
  - [0.00016752844860764895, 0.00040776349129775986, 0.0007779373917401525, 0.0001317150160692327, 0.0000608615148882039]
  - [0.00019112097661962943, 0.0007779373917401525, 0.0017138857404771326, 0.00016032839815014846, 0.00007230159383206471]
  - [0.00011156914871335015, 0.0001317150160692327, 0.00016032839815014846, 0.00011648766831627183, 0.0001173947652878348]
  - [0.00005264249789571802, 0.0000608615148882039, 0.00007230159383206471, 0.0001173947652878348, 0.0002225444369270079]
# }}}

#########################
# B_s -> K form factors #
#########################
# {{{
B_s->K::form-factors[f_+,f_0,f_T]@BvDV:2023A:
  type: MultivariateGaussian(Covariance)
  observables:
    [ 'B_s->K::f_+(q2)',   'B_s->K::f_+(q2)',   'B_s->K::f_+(q2)',   'B_s->K::f_+(q2)',
      'B_s->K::f_0(q2)',   'B_s->K::f_0(q2)',                        'B_s->K::f_0(q2)',
      'B_s->K::f_T(q2)',   'B_s->K::f_T(q2)',   'B_s->K::f_T(q2)',   'B_s->K::f_T(q2)' ]
  kinematics:
    [ { q2: -10.0 },       { q2: -5.0 },        { q2: 0.0 },         { q2: 5.0 },
      { q2: -10.0 },       { q2: -5.0 },                             { q2: 5.0 },
      { q2: -10.0 },       { q2: -5.0 },        { q2: 0.0 },         { q2: 5.0 } ]
  options:
    [ { form-factors: BFW2010 }, { form-factors: BFW2010 }, { form-factors: BFW2010 }, { form-factors: BFW2010 },
      { form-factors: BFW2010 }, { form-factors: BFW2010 },                            { form-factors: BFW2010 },
      { form-factors: BFW2010 }, { form-factors: BFW2010 }, { form-factors: BFW2010 }, { form-factors: BFW2010 } ]
  means:
    [ 0.20789639933463822, 0.27777347434250965, 0.3640306031879726,  0.48252352235040846,
      0.2605675265845483,  0.312448185749139,                        0.42565448101813586,
      0.2321685108621394,  0.305154851892976,   0.39348994642047463, 0.5160444266333035   ]
  covariance:
  - - 0.0012255635985653742
    - 0.0003152296615544444
    - 0.00022988606151131774
    - 0.00018328581149183406
    - 0.0006005625393891091
    - 0.00035763968945537233
    - 0.000182758543018361
    - 0.00018228301310025362
    - 0.00019905936987944046
    - 0.00020951692869761483
    - 0.00022437907056861668
  - - 0.0003152296615544444
    - 0.0004967123149445614
    - 0.000349102201486255
    - 0.00037965879430028153
    - 0.00040117465726879843
    - 0.00036915593246357394
    - 0.0003529901983478615
    - 0.00023107134358433282
    - 0.0002707496281733852
    - 0.0003022453557090698
    - 0.0003397479793156023
  - - 0.00022988606151131774
    - 0.000349102201486255
    - 0.0006710506629878667
    - 0.0005514165451962098
    - 0.0002767571365994471
    - 0.00038618153871886887
    - 0.0005039883205626327
    - 0.0002661309210244176
    - 0.0003299908979262913
    - 0.0003900383409525026
    - 0.00046198808652016677
  - - 0.00018328581149183406
    - 0.00037965879430028153
    - 0.0005514165451962098
    - 0.0017461839753977343
    - 0.00020434824855502653
    - 0.00041594981027370397
    - 0.0006609400664825234
    - 0.0002985644645705048
    - 0.0003884115352495869
    - 0.000485044194594553
    - 0.0006053546394420631
  - - 0.0006005625393891091
    - 0.00040117465726879843
    - 0.0002767571365994471
    - 0.00020434824855502653
    - 0.0021704912024669534
    - 0.00046058600191286247
    - 0.00020677026868787338
    - 0.0002213042094339591
    - 0.00024184054407166037
    - 0.00025361799002761683
    - 0.0002690610999385106
  - - 0.00035763968945537233
    - 0.00036915593246357394
    - 0.00038618153871886887
    - 0.00041594981027370397
    - 0.00046058600191286247
    - 0.0006493258454673671
    - 0.0003854728230615211
    - 0.00025380082387980063
    - 0.0002986728308535344
    - 0.0003335037297453615
    - 0.0003736797936133099
  - - 0.000182758543018361
    - 0.0003529901983478615
    - 0.0005039883205626327
    - 0.0006609400664825234
    - 0.00020677026868787338
    - 0.0003854728230615211
    - 0.00159989462511663
    - 0.0002814680371899103
    - 0.00036033156767055876
    - 0.00044635364602627043
    - 0.0005555378959649752
  - - 0.00018228301310025362
    - 0.00023107134358433282
    - 0.0002661309210244176
    - 0.0002985644645705048
    - 0.0002213042094339591
    - 0.00025380082387980063
    - 0.0002814680371899103
    - 0.0019746155809124023
    - 0.00036904698597013387
    - 0.0002690374415195454
    - 0.00021766685503578996
  - - 0.00019905936987944046
    - 0.0002707496281733852
    - 0.0003299908979262913
    - 0.0003884115352495869
    - 0.00024184054407166037
    - 0.0002986728308535344
    - 0.00036033156767055876
    - 0.00036904698597013387
    - 0.0007341332816306286
    - 0.00035861969043142673
    - 0.0003766751242088745
  - - 0.00020951692869761483
    - 0.0003022453557090698
    - 0.0003900383409525026
    - 0.000485044194594553
    - 0.00025361799002761683
    - 0.0003335037297453615
    - 0.00044635364602627043
    - 0.0002690374415195454
    - 0.00035861969043142673
    - 0.0005283239369526838
    - 0.0005201042743409845
  - - 0.00022437907056861668
    - 0.0003397479793156023
    - 0.00046198808652016677
    - 0.0006053546394420631
    - 0.0002690610999385106
    - 0.0003736797936133099
    - 0.0005555378959649752
    - 0.00021766685503578996
    - 0.0003766751242088745
    - 0.0005201042743409845
    - 0.0012028645352778738
B_s->K::f_++f_0@RBC+UKQCD:2023A:
  type: MultivariateGaussian(Covariance)
  observables:
    [ 'B_s->K::f_+(q2)', 'B_s->K::f_+(q2)',
      'B_s->K::f_0(q2)', 'B_s->K::f_0(q2)', 'B_s->K::f_0(q2)' ]
  kinematics:
    [ { q2: 17.6 },      { q2: 23.4 },
      { q2: 17.6 },      { q2: 20.8 },      { q2: 23.4 } ]
  options:
    [ { form-factors: BSZ2015 }, { form-factors: BSZ2015 },
      { form-factors: BSZ2015 }, { form-factors: BSZ2015 }, { form-factors: BSZ2015 } ]
  means:
    [ 0.9878,            2.9301,
      0.5594,            0.6843,            0.8397 ]
  covariance:
  - [ 0.00364816, 0.007446029856, 0.00131432212, 0.001467781608, 0.0018389384000000002 ]
  - [ 0.007446029856, 0.015276960000000001, 0.00262362012, 0.002926754064, 0.0036614955000000005 ]
  - [ 0.00131432212, 0.00262362012, 0.000529, 0.00059334066, 0.0007471262500000001 ]
  - [ 0.001467781608, 0.002926754064, 0.00059334066, 0.00066564, 0.0008383323000000001 ]
  - [ 0.0018389384000000002, 0.0036614955000000005, 0.0007471262500000001, 0.0008383323000000001, 0.0010562500000000001 ]
B_s->K::f_++f_0@HPQCD:2014A:
  type: MultivariateGaussian(Covariance)
  observables:
    [ 'B_s->K::f_0(q2)', 'B_s->K::f_0(q2)', 'B_s->K::f_0(q2)',
      'B_s->K::f_+(q2)', 'B_s->K::f_+(q2)', 'B_s->K::f_+(q2)' ]
  kinematics:
    [ { q2: 17.6 },      { q2: 20.8 },      { q2: 23.4 },
      { q2: 17.6 },      { q2: 20.8 },      { q2: 23.4 } ]
  options:
    [ { form-factors: BSZ2015 }, { form-factors: BSZ2015 }, { form-factors: BSZ2015 },
      { form-factors: BSZ2015 }, { form-factors: BSZ2015 }, { form-factors: BSZ2015 } ]
  means:
    [ 0.528267,          0.641608,          0.792617,
      1.04191,           1.69074,           2.96222  ]
  covariance:
  - [ 0.000716479, 0.000812898, 0.000928754, 0.000571447, 0.00082967, 0.00139307 ]
  - [ 0.000812898, 0.000978017, 0.00116572, 0.000614716, 0.000918455, 0.00151475 ]
  - [ 0.000928754, 0.00116572, 0.00146565, 0.000696608, 0.00101831, 0.00164309 ]
  - [ 0.000571447, 0.000614716, 0.000696608, 0.00284063, 0.00367385, 0.00468312 ]
  - [ 0.00082967, 0.000918455, 0.00101831, 0.00367385, 0.00556612, 0.0087394 ]
  - [ 0.00139307, 0.00151475, 0.00164309, 0.00468312, 0.0087394, 0.0179548 ]
B_s->K::f_++f_0@FNAL+MILC:2019A:
  type: MultivariateGaussian(Covariance)
  observables:
    [ 'B_s->K::f_+(q2)', 'B_s->K::f_+(q2)', 'B_s->K::f_+(q2)', 'B_s->K::f_+(q2)',
      'B_s->K::f_0(q2)', 'B_s->K::f_0(q2)', 'B_s->K::f_0(q2)', 'B_s->K::f_0(q2)' ]
  kinematics:
    [ { q2: 17.6 },      { q2: 18.2 },      { q2: 20.8 },      { q2: 23.4 },
      { q2: 17.6 },      { q2: 18.2 },      { q2: 20.8 },      { q2: 23.4 } ]
  options:
    [ { form-factors: BSZ2015 }, { form-factors: BSZ2015 }, { form-factors: BSZ2015 }, { form-factors: BSZ2015 },
      { form-factors: BSZ2015 }, { form-factors: BSZ2015 }, { form-factors: BSZ2015 }, { form-factors: BSZ2015 } ]
  means:
    [ 1.00888,           1.10178,           1.68929,           2.93062,
      0.443149,          0.465996,          0.587434,          0.760892 ]
  covariance:
  - [ 0.00183505,  0.00184148,  0.00178482,  0.00136859,  0.000516356, 0.000478038, 0.000323643, 0.000263028 ]
  - [ 0.00184148,  0.00186178,  0.00189199,  0.00165628,  0.000497131, 0.000464304, 0.000332675, 0.000284259 ]
  - [ 0.00178482,  0.00189199,  0.00251982,  0.00371166,  0.000404659, 0.000400596, 0.000388477, 0.00040633  ]
  - [ 0.00136859,  0.00165628,  0.00371166,  0.00891259,  0.000317277, 0.000352473, 0.000504022, 0.000620928 ]
  - [ 0.000516356, 0.000497131, 0.000404659, 0.000317277, 0.000326268, 0.000300364, 0.000190288, 0.000123838 ]
  - [ 0.000478038, 0.000464304, 0.000400596, 0.000352473, 0.000300364, 0.000279049, 0.000188142, 0.00013215  ]
  - [ 0.000323643, 0.000332675, 0.000388477, 0.000504022, 0.000190288, 0.000188142, 0.000179322, 0.000175992 ]
  - [ 0.000263028, 0.000284259, 0.00040633,  0.000620928, 0.000123838, 0.00013215,  0.000175992, 0.000236833 ]
B_s->K::f_++f_0@FLAG:2019A:
  type: MultivariateGaussian(Covariance)
  observables:
  - B_s->K::f_+(q2)
  - B_s->K::f_+(q2)
  - B_s->K::f_+(q2)
  - B_s->K::f_0(q2)
  - B_s->K::f_0(q2)
  kinematics:
  - q2: 17.7483
  - q2: 20.7483
  - q2: 23.7483
  - q2: 20.7483
  - q2: 23.7483
  options:
  - {form-factors: BSZ2015}
  - {form-factors: BSZ2015}
  - {form-factors: BSZ2015}
  - {form-factors: BSZ2015}
  - {form-factors: BSZ2015}
  means:
  - 1.00955
  - 1.51001
  - 2.61328
  - 0.572497
  - 0.611543
  covariance:
  - [0.0012921061815965819, 0.0017134164355882525, 0.0024374347537899797, 0.0005524155694906068, 0.0006178021016907361]
  - [0.0017134164355882525, 0.002457221742431464, 0.003957126328555192, 0.0007587710797986562, 0.0008732301898815541]
  - [0.0024374347537899797, 0.003957126328555192, 0.00770875767583361, 0.0012020852954984505, 0.0014360698540655434]
  - [0.0005524155694906068, 0.0007587710797986562, 0.0012020852954984505, 0.0005506208362083083, 0.0006814340271817386]
  - [0.0006178021016907361, 0.0008732301898815541, 0.0014360698540655434, 0.0006814340271817386, 0.0009094501948742747]
B_s->K::FormFactors[f_+,f_0,f_T]@GvDV:2020A:
  type: MultivariateGaussian(Covariance)
  observables:
  - B_s->K::f_+(q2)
  - B_s->K::f_+(q2)
  - B_s->K::f_+(q2)
  - B_s->K::f_+(q2)
  - B_s->K::f_+(q2)
  - B_s->K::f_0(q2)
  - B_s->K::f_0(q2)
  - B_s->K::f_0(q2)
  - B_s->K::f_0(q2)
  - B_s->K::f_T(q2)
  - B_s->K::f_T(q2)
  - B_s->K::f_T(q2)
  - B_s->K::f_T(q2)
  - B_s->K::f_T(q2)
  kinematics:
  - q2: -15.0
  - q2: -10.0
  - q2: -5.0
  - q2: 0.0
  - q2: 5.0
  - q2: -15.0
  - q2: -10.0
  - q2: -5.0
  - q2: 5.0
  - q2: -15.0
  - q2: -10.0
  - q2: -5.0
  - q2: 0.0
  - q2: 5.0
  options:
  - {form-factors: BSZ2015}
  - {form-factors: BSZ2015}
  - {form-factors: BSZ2015}
  - {form-factors: BSZ2015}
  - {form-factors: BSZ2015}
  - {form-factors: BSZ2015}
  - {form-factors: BSZ2015}
  - {form-factors: BSZ2015}
  - {form-factors: BSZ2015}
  - {form-factors: BSZ2015}
  - {form-factors: BSZ2015}
  - {form-factors: BSZ2015}
  - {form-factors: BSZ2015}
  - {form-factors: BSZ2015}
  means:
  - 0.15709020592073666
  - 0.1907263785223761
  - 0.2363369473047409
  - 0.30016660648762855
  - 0.3925690243879416
  - 0.2302575246782574
  - 0.25022447595140784
  - 0.27342043034090024
  - 0.3298046780270889
  - 0.14881583401058796
  - 0.18110052898479082
  - 0.2251176372726283
  - 0.2872073406104314
  - 0.37822321005129106
  covariance:
  - - 0.002620131628389036
    - 0.002264350529291133
    - 0.0028494457586311192
    - 0.0037163237286460984
    - 0.0051167483601230026
    - 0.002605984107926569
    - 0.0028881373617534963
    - 0.0032450931301872088
    - 0.004381957112482859
    - 0.0015383266216586263
    - 0.0018906135619634508
    - 0.0023886441997113574
    - 0.0031367211980611967
    - 0.004375016426769768
  - - 0.002264350529291133
    - 0.003915775478799789
    - 0.0034937265634460883
    - 0.004557079290181208
    - 0.006275301276788431
    - 0.0031951032426556824
    - 0.003541161231314361
    - 0.003979002189943722
    - 0.005373767292271923
    - 0.0018865127603786955
    - 0.0023186957500495003
    - 0.00292975967347838
    - 0.003847790293311769
    - 0.005367803524831945
  - - 0.0028494457586311192
    - 0.0034937265634460883
    - 0.006147120491685873
    - 0.005736364860864415
    - 0.007900869764336304
    - 0.004021191556439998
    - 0.004456924740487493
    - 0.005008289875859285
    - 0.006765183302146887
    - 0.0023749789889849424
    - 0.0029193325593206117
    - 0.003689135232029435
    - 0.004845932126378513
    - 0.006761939947838766
  - - 0.0037163237286460984
    - 0.004557079290181208
    - 0.005736364860864415
    - 0.010307497149791267
    - 0.010311990343427476
    - 0.005245442031437762
    - 0.0058142071874060725
    - 0.006534027191504866
    - 0.008828598564492446
    - 0.0030993364951542143
    - 0.003810205685271732
    - 0.0048157461351424225
    - 0.006327314754257567
    - 0.008832148117464272
  - - 0.0051167483601230026
    - 0.006275301276788431
    - 0.007900869764336304
    - 0.010311990343427476
    - 0.01904158255619779
    - 0.007223938938990714
    - 0.008008016450323868
    - 0.009000583962959156
    - 0.01216649841323521
    - 0.004271036982642851
    - 0.005251672521492231
    - 0.006639342831893207
    - 0.008726440036830022
    - 0.012187530313317062
  - - 0.002605984107926569
    - 0.0031951032426556824
    - 0.004021191556439998
    - 0.005245442031437762
    - 0.007223938938990714
    - 0.005338685245769295
    - 0.0040760106666529105
    - 0.004580008810122308
    - 0.006185565789012588
    - 0.0021721731398080344
    - 0.0026699308083863132
    - 0.003373775041058214
    - 0.00443131876224377
    - 0.0061826002010685445
  - - 0.0028881373617534963
    - 0.003541161231314361
    - 0.004456924740487493
    - 0.0058142071874060725
    - 0.008008016450323868
    - 0.0040760106666529105
    - 0.00647919640461858
    - 0.005076389026050374
    - 0.006856721316724683
    - 0.002407675224879127
    - 0.0029595228059719953
    - 0.0037399185847703433
    - 0.00491261996420154
    - 0.006854923541008147
  - - 0.0032450931301872088
    - 0.003979002189943722
    - 0.005008289875859285
    - 0.006534027191504866
    - 0.009000583962959156
    - 0.004580008810122308
    - 0.005076389026050374
    - 0.008046641226094832
    - 0.0077062713465473765
    - 0.002705711946321303
    - 0.003326052094673591
    - 0.00420340440251672
    - 0.005522002940474936
    - 0.007706422523698872
  - - 0.004381957112482859
    - 0.005373767292271923
    - 0.006765183302146887
    - 0.008828598564492446
    - 0.01216649841323521
    - 0.006185565789012588
    - 0.006856721316724683
    - 0.0077062713465473765
    - 0.013823176500168444
    - 0.0036556941256506094
    - 0.004494652865904067
    - 0.005681638790966581
    - 0.007466497279285269
    - 0.010425458674424187
  - - 0.0015383266216586263
    - 0.0018865127603786955
    - 0.0023749789889849424
    - 0.0030993364951542143
    - 0.004271036982642851
    - 0.0021721731398080344
    - 0.002407675224879127
    - 0.002705711946321303
    - 0.0036556941256506094
    - 0.001978570113555962
    - 0.0015796136403549187
    - 0.0019967869304093836
    - 0.0026240627347261076
    - 0.0036638703745518917
  - - 0.0018906135619634508
    - 0.0023186957500495003
    - 0.0029193325593206117
    - 0.003810205685271732
    - 0.005251672521492231
    - 0.0026699308083863132
    - 0.0029595228059719953
    - 0.003326052094673591
    - 0.004494652865904067
    - 0.0015796136403549187
    - 0.002969823589418767
    - 0.0024555557099930443
    - 0.0032274613709151923
    - 0.004507427146567119
  - - 0.0023886441997113574
    - 0.00292975967347838
    - 0.003689135232029435
    - 0.0048157461351424225
    - 0.006639342831893207
    - 0.003373775041058214
    - 0.0037399185847703433
    - 0.00420340440251672
    - 0.005681638790966581
    - 0.0019967869304093836
    - 0.0024555557099930443
    - 0.004692576977088461
    - 0.0040817679328386865
    - 0.005702311843454494
  - - 0.0031367211980611967
    - 0.003847790293311769
    - 0.004845932126378513
    - 0.006327314754257567
    - 0.008726440036830022
    - 0.00443131876224377
    - 0.00491261996420154
    - 0.005522002940474936
    - 0.007466497279285269
    - 0.0026240627347261076
    - 0.0032274613709151923
    - 0.0040817679328386865
    - 0.007951834416505271
    - 0.007501837138232052
  - - 0.004375016426769768
    - 0.005367803524831945
    - 0.006761939947838766
    - 0.008832148117464272
    - 0.012187530313317062
    - 0.0061826002010685445
    - 0.006854923541008147
    - 0.007706422523698872
    - 0.010425458674424187
    - 0.0036638703745518917
    - 0.004507427146567119
    - 0.005702311843454494
    - 0.007501837138232052
    - 0.014973159274752052
B_s->K::FormFactors[parametric,LCSR]@GvDV:2020A:
  type: MultivariateGaussian(Covariance)
  observables:
  - B_s->K::alpha^f+_0@BSZ2015
  - B_s->K::alpha^f+_1@BSZ2015
  - B_s->K::alpha^f+_2@BSZ2015
  - B_s->K::alpha^f0_1@BSZ2015
  - B_s->K::alpha^f0_2@BSZ2015
  - B_s->K::alpha^fT_0@BSZ2015
  - B_s->K::alpha^fT_1@BSZ2015
  - B_s->K::alpha^fT_2@BSZ2015
  kinematics:
    [{}, {}, {}, {}, {}, {}, {}, {}]
  options:
    [{}, {}, {}, {}, {}, {}, {}, {}]
  means:
  - 0.2994971092523004
  - -0.6438751769803641
  - -0.5058102015927984
  - 0.565983210873454
  - -0.8281947065041948
  - 0.28663161720353086
  - -0.658121077472442
  - -0.24239942817382265
  covariance:
  - - 0.008204569530619474
    - -0.02150699910997233
    - -0.11428331401844806
    - 0.006956898030507499
    - -0.17607524479724895
    - 0.006338256195724208
    - -0.021456374246548674
    - 0.03622575948407224
  - - -0.02150699910997233
    - 0.8143528154183629
    - -9.184571226087495
    - 0.002014647429802063
    - -0.4487501086972752
    - -0.019870642454773785
    - 0.06832818350923243
    - -0.08528462791412265
  - - -0.11428331401844806
    - -9.184571226087495
    - 157.15690990891034
    - -0.8566830014759762
    - 37.092714101354645
    - 0.02808703856398338
    - -0.12801590425359943
    - -0.030962549597002093
  - - 0.006956898030507499
    - 0.002014647429802063
    - -0.8566830014759762
    - 0.6618739249126838
    - -8.097848727238294
    - 0.001947471401455761
    - -0.0085298699454117
    - 0.04369095795195648
  - - -0.17607524479724895
    - -0.4487501086972752
    - 37.092714101354645
    - -8.097848727238294
    - 171.32653494382848
    - 0.012342150168168566
    - -0.043117694655705405
    - 0.11816840808914929
  - - 0.006338256195724208
    - -0.019870642454773785
    - 0.02808703856398338
    - 0.001947471401455761
    - 0.012342150168168566
    - 0.006411778077028666
    - -0.016760351249521372
    - -0.15985084264319352
  - - -0.021456374246548674
    - 0.06832818350923243
    - -0.12801590425359943
    - -0.0085298699454117
    - -0.043117694655705405
    - -0.016760351249521372
    - 0.765978994580625
    - -8.68985837694645
  - - 0.03622575948407224
    - -0.08528462791412265
    - -0.030962549597002093
    - 0.04369095795195648
    - 0.11816840808914929
    - -0.15985084264319352
    - -8.68985837694645
    - 155.9992071490046
B_s->K::FormFactors[parametric,LCSRLattice]@GvDV:2020A:
  type: MultivariateGaussian(Covariance)
  observables:
  - B_s->K::alpha^f+_0@BSZ2015
  - B_s->K::alpha^f+_1@BSZ2015
  - B_s->K::alpha^f+_2@BSZ2015
  - B_s->K::alpha^f0_1@BSZ2015
  - B_s->K::alpha^f0_2@BSZ2015
  - B_s->K::alpha^fT_0@BSZ2015
  - B_s->K::alpha^fT_1@BSZ2015
  - B_s->K::alpha^fT_2@BSZ2015
  kinematics:
    [{}, {}, {}, {}, {}, {}, {}, {}]
  options:
    [{}, {}, {}, {}, {}, {}, {}, {}]
  means:
  - 0.222306343186417
  - -1.1521913468886935
  - -1.5826937538206345
  - -0.3333001364836179
  - -2.122736543755399
  - 0.20151077522574565
  - -0.37497532488565893
  - -0.704645095627578
  covariance:
  - - 0.0003593314003613713
    - 0.0017019726381201443
    - 0.0024072618362623926
    - 0.002124467064199255
    - 0.003548133634146031
    - 0.00036200269835026563
    - -0.0011394440029386713
    - 0.0011569243131190506
  - - 0.0017019726381201443
    - 0.021468201756219035
    - 0.0486720037368175
    - 0.013995584746942475
    - 0.026856388926145267
    - 0.0019934596244263144
    - -0.005978906932390641
    - 0.010896380929799245
  - - 0.0024072618362623926
    - 0.0486720037368175
    - 0.14030072063410867
    - 0.021776804537718197
    - 0.04408622504599985
    - 0.003200957165968234
    - -0.010078527627171624
    - 0.02976325240772854
  - - 0.002124467064199255
    - 0.013995584746942475
    - 0.021776804537718197
    - 0.01707826893559852
    - 0.03229379656920986
    - 0.002252909419588741
    - -0.00714837861670225
    - 0.009728207090847502
  - - 0.003548133634146031
    - 0.026856388926145267
    - 0.04408622504599985
    - 0.03229379656920986
    - 0.06530408779963681
    - 0.0038602371040705563
    - -0.012489545672021762
    - 0.021318398063051948
  - - 0.00036200269835026563
    - 0.0019934596244263144
    - 0.003200957165968234
    - 0.002252909419588741
    - 0.0038602371040705563
    - 0.0016352901979843916
    - -0.0004327059581900111
    - -0.18983383287751998
  - - -0.0011394440029386713
    - -0.005978906932390641
    - -0.010078527627171624
    - -0.00714837861670225
    - -0.012489545672021762
    - -0.0004327059581900111
    - 0.6986351280295383
    - -8.462058939655504
  - - 0.0011569243131190506
    - 0.010896380929799245
    - 0.02976325240772854
    - 0.009728207090847502
    - 0.021318398063051948
    - -0.18983383287751998
    - -8.462058939655504
    - 154.69329464407488
# }}}
