# vim: set fdm=marker :

#######################
# D_s decay constants #
#######################
# {{{
D_s^*::decay-constants@PZ:2021A:
    type: MultivariateGaussian
    observables: [ "decay-constant::D_s", "decay-constant::D_s^*" ]
    kinematics: [ {}, {} ]
    options: [ {}, {} ]
    means: [ 0.2257, 0.279]
    sigma-stat-hi: [ 0.0171, 0.019]
    sigma-stat-lo: [ 0.0174, 0.019]
    sigma-sys: [ 0., 0.]
    # Correlation estimated via error propagation
    correlations:
      - [1., 0.5]
      - [0.5, 1.]
D_s^*_T::decay-constants@PZ:2021A:
    type: MultivariateGaussian
    observables: [ "decay-constant::D_s", "decay-constant::D_s^*,T" ]
    kinematics: [ {}, {} ]
    options: [ {}, {} ]
    means: [ 0.2257, 0.256]
    sigma-stat-hi: [ 0.0171, 0.016]
    sigma-stat-lo: [ 0.0174, 0.017]
    sigma-sys: [ 0., 0. ]
    # Correlation estimated via error propagation
    correlations:
      - [1., 0.64]
      - [0.64, 1.]
#}}}


########################
# D -> K form factors #
########################
# {{{
D->K::f_++f_0@HPQCD:2021A:
    type: MultivariateGaussian(Covariance)
    observables:
      ['D->K::f_0(q2)', 'D->K::f_0(q2)', 'D->K::f_0(q2)',
       'D->K::f_+(q2)', 'D->K::f_+(q2)']
    kinematics:
      [{q2: 0.0}, {q2: 0.9}, {q2: 1.88}, {q2: 0.9}, {q2: 1.88}]
    options:
      [{form-factors: BFW2010}, {form-factors: BFW2010}, {form-factors: BFW2010},
       {form-factors: BFW2010}, {form-factors: BFW2010}]
    means:
      [0.737961, 0.844013, 1.01527, 0.980047, 1.46388]
    covariance:
      - [ 0.000019040966732521594,0.00001194335425072325,6.9510058291340666e-6,0.000017378201635999037,0.000012790696610712561]
      - [ 0.00001194335425072325,0.000011733304754400165,0.000010376863222547376,0.000015352267468217037,0.000022235727110099262]
      - [ 6.9510058291340666e-6,0.000010376863222547376,0.000016890281600979012,9.598194884681188e-6,0.000014970292332570872]
      - [ 0.000017378201635999037,0.000015352267468217037,9.598194884681188e-6,0.000036969501226239805,0.00008392722643162375]
      - [ 0.000012790696610712561,0.000022235727110099262,0.000014970292332570872,0.00008392722643162375,0.00040785314336299797]
    references:
      ['HPQCD:2021A']
D->K::f_++f_0@ETM:2017B:
    type: MultivariateGaussian(Covariance)
    observables:
      ['D->K::f_0(q2)', 'D->K::f_0(q2)', 'D->K::f_+(q2)']
    kinematics:
      [{q2: 0.0}, {q2: 1.0769}, {q2: 1.0769}]
    options:
      [{form-factors: BFW2010}, {form-factors: BFW2010}, {form-factors: BFW2010}]
    means:
      [0.7647, 0.878443, 1.01277]
    covariance:
      - [0.000950493,0.000641359,0.000755045]
      - [0.000641359,0.000662656,0.000644304]
      - [0.000755045,0.000644304,0.000752749]
D->K::f_T@ETM:2018A:
    type: MultivariateGaussian(Covariance)
    observables:
      ['D->K::f_T(q2)', 'D->K::f_T(q2)', 'D->K::f_T(q2)']
    kinematics:
      [{q2: 0.0}, {q2: 1.0769}, {q2: 1.88}]
    options:
      [{form-factors: BFW2010}, {form-factors: BFW2010}, {form-factors: BFW2010}]
    means:
      [0.6871, 0.928597, 1.16613]
    covariance:
      - [0.00293800,0.00241254,0.00174985]
      - [0.00241254,0.00258199,0.00238662]
      - [0.00174985,0.00238662,0.00309014]
# This constraint is correlated with D->K::f_++f_0@HPQCD:2021A
D->K::f_0+f_++f_T@HPQCD:2022A:
    type: MultivariateGaussian(Covariance)
    observables:
        [ 'D->K::f_0(q2)', 'D->K::f_0(q2)', 'D->K::f_0(q2)',
                           'D->K::f_+(q2)', 'D->K::f_+(q2)',
          'D->K::f_T(q2)', 'D->K::f_T(q2)', 'D->K::f_T(q2)' ]
    kinematics:
        [ {q2: 0}, {q2: 0.9}, {q2: 1.88},
                   {q2: 0.9}, {q2: 1.88},
          {q2: 0}, {q2: 0.9}, {q2: 1.88} ]
    options:
        [ {form-factors: BFW2010}, {form-factors: BFW2010}, {form-factors: BFW2010},
                                   {form-factors: BFW2010}, {form-factors: BFW2010},
          {form-factors: BFW2010}, {form-factors: BFW2010}, {form-factors: BFW2010} ]
    means: [ 0.74401,  0.84719,  1.01329,
                       0.985009, 1.46091,
             0.689973, 0.919072, 1.37238 ]
    covariance:
      - [ 0.0000160459, 9.87599e-06, 5.25599e-06, 0.0000144194, 0.0000100547, 3.27916e-06, 3.37667e-06, 3.89284e-06]
      - [ 9.87599e-06, 9.25586e-06, 8.03807e-06, 0.0000119486, 0.0000156557, 2.8009e-06, 3.88057e-06, 5.95483e-06]
      - [ 5.25599e-06, 8.03807e-06, 0.0000130941, 8.02912e-06, 0.0000139524, 3.20838e-06, 5.46605e-06, 9.9974e-06]
      - [ 0.0000144194, 0.0000119486, 8.02912e-06, 0.0000332247, 0.0000705429, 4.14624e-06, 6.40217e-06, 0.0000109883]
      - [ 0.0000100547, 0.0000156557, 0.0000139524, 0.0000705429, 0.000259077, 3.726e-06, 0.0000103044, 0.0000268513]
      - [ 3.27916e-06, 2.8009e-06, 3.20838e-06, 4.14624e-06, 3.726e-06, 0.000385491, 0.000419111, 0.00047013]
      - [ 3.37667e-06, 3.88057e-06, 5.46605e-06, 6.40217e-06, 0.0000103044, 0.000419111, 0.000515073, 0.000667127]
      - [ 3.89284e-06, 5.95483e-06, 9.9974e-06, 0.0000109883, 0.0000268513, 0.00047013, 0.000667127, 0.00106943]
    references:
      ['HPQCD:2022A']
D->K::f_++f_0@FNALMILC:2022A:
    type: MultivariateGaussian(Covariance)
    observables:
      ['D->K::f_0(q2)', 'D->K::f_0(q2)', 'D->K::f_0(q2)', 'D->K::f_0(q2)',
                        'D->K::f_+(q2)', 'D->K::f_+(q2)', 'D->K::f_+(q2)']
    kinematics:
      [{q2: 0.188009}, {q2: 0.695633}, {q2: 1.18446}, {q2: 1.69208}, {q2: 0.695633}, {q2: 1.18446}, {q2: 1.69208}]
    options:
      [{form-factors: BFW2010}, {form-factors: BFW2010}, {form-factors: BFW2010}, {form-factors: BFW2010},
       {form-factors: BFW2010}, {form-factors: BFW2010}, {form-factors: BFW2010}]
    means:
      [0.765347, 0.826568, 0.897305, 0.987439, 0.920402, 1.09208, 1.33979]
    covariance:
      - [ 0.00000961,0.00000600437,0.00000330399,0.000000585924,0.0000119004,0.0000143418,0.0000181437]
      - [ 0.00000600437,0.00000505466,0.00000404381,0.00000252814,0.00000686295,0.00000756114,0.00000837278]
      - [ 0.00000330399,0.00000404381,0.00000418907,0.0000036564,0.00000326983,0.00000292287,0.00000198892]
      - [ 0.000000585924,0.00000252814,0.0000036564,0.0000042538,-0.0000000411413,-0.00000100167,-0.0000028658]
      - [ 0.0000119004,0.00000686295,0.00000326983,-0.0000000411413,0.000028286,0.0000450074,0.0000699055]
      - [ 0.0000143418,0.00000756114,0.00000292287,-0.00000100167,0.0000450074,0.0000769167,0.000125261]
      - [ 0.0000181437,0.00000837278,0.00000198892,-0.0000028658,0.0000699055,0.000125261,0.000211146]
D->K::form-factors@BRvDV:2024A:
  type: MultivariateGaussian(Covariance)
  observables:
  - D->K::a^f+_0@BFW2010
  - D->K::a^f+_1@BFW2010
  - D->K::a^f+_2@BFW2010
  - D->K::a^f+_3@BFW2010
  - D->K::a^f0_1@BFW2010
  - D->K::a^f0_2@BFW2010
  - D->K::a^f0_3@BFW2010
  - D->K::a^fT_0@BFW2010
  - D->K::a^fT_1@BFW2010
  - D->K::a^fT_2@BFW2010
  - D->K::a^fT_3@BFW2010
  kinematics:
  - []
  - []
  - []
  - []
  - []
  - []
  - []
  - []
  - []
  - []
  - []
  options:
  - {}
  - {}
  - {}
  - {}
  - {}
  - {}
  - {}
  - {}
  - {}
  - {}
  - {}
  means:
  - 0.042936556030919865
  - -0.0902684669096265
  - -0.012718037182545406
  - 0.4507760843779138
  - -0.24047432354746814
  - 0.15734493199729382
  - 0.6782118316684268
  - 0.08876759807920713
  - -0.11282268124211486
  - -0.11708277689921694
  - 0.00759582106112857
  covariance:
  - - 3.6144545205326564e-08
    - -4.790518343898441e-07
    - 1.4108655316485023e-07
    - 6.98661547281146e-06
    - 1.9075911069648208e-07
    - 1.700786275080874e-07
    - 1.2012989370761036e-05
    - 6.81871826313333e-09
    - -8.943970727344698e-08
    - 5.131150320009697e-07
    - 6.448285306309716e-08
  - - -4.790518343898441e-07
    - 1.064076406251859e-05
    - -1.8327294948173926e-05
    - 2.4483581585298796e-05
    - 6.477850077629146e-07
    - 5.296927798678576e-06
    - 5.609148061295304e-05
    - -2.7184230118974254e-07
    - 2.5524237269885254e-06
    - -2.4450018339175722e-06
    - -3.0010699374005603e-05
  - - 1.4108655316485023e-07
    - -1.8327294948173926e-05
    - 0.0003995095599889806
    - 0.00038510676515214387
    - 8.128734784288572e-06
    - 0.00017799581025327972
    - 0.0010412896718427866
    - 1.4756182814529647e-06
    - 7.901832652934878e-07
    - -2.9400355992690435e-05
    - 0.0002154145144324903
  - - 6.98661547281146e-06
    - 2.4483581585298796e-05
    - 0.00038510676515214387
    - 0.016675201795811525
    - 0.0002928100718836226
    - 0.0032799759164194526
    - 0.027493268415746792
    - -1.8198731004032965e-06
    - 6.236033899505947e-05
    - 0.0006101125417772464
    - -0.0009756670703710475
  - - 1.9075911069648208e-07
    - 6.477850077629146e-07
    - 8.128734784288572e-06
    - 0.0002928100718836226
    - 7.1277470055502314e-06
    - 3.3890130814673895e-05
    - 0.000547249616085921
    - -8.094362726946954e-08
    - 1.3502594640771454e-06
    - 1.0350262620952682e-05
    - -2.8384666831324748e-05
  - - 1.700786275080874e-07
    - 5.296927798678576e-06
    - 0.00017799581025327972
    - 0.0032799759164194526
    - 3.3890130814673895e-05
    - 0.0009803589764550455
    - 0.0047565614140907255
    - 4.7492593567773896e-07
    - 1.2148556662435454e-05
    - 0.00010029474289505484
    - 6.5466462571184064e-06
  - - 1.2012989370761036e-05
    - 5.609148061295304e-05
    - 0.0010412896718427866
    - 0.027493268415746792
    - 0.000547249616085921
    - 0.0047565614140907255
    - 0.04834059647703565
    - -4.542273328747012e-06
    - 0.00011574477244881003
    - 0.0009493912085404302
    - -0.0016907707013402338
  - - 6.81871826313333e-09
    - -2.7184230118974254e-07
    - 1.4756182814529647e-06
    - -1.8198731004032965e-06
    - -8.094362726946954e-08
    - 4.7492593567773896e-07
    - -4.542273328747012e-06
    - 4.493168001440483e-06
    - 1.750619970313395e-06
    - -4.256839447629959e-05
    - 6.811055038835513e-06
  - - -8.943970727344698e-08
    - 2.5524237269885254e-06
    - 7.901832652934878e-07
    - 6.236033899505947e-05
    - 1.3502594640771454e-06
    - 1.2148556662435454e-05
    - 0.00011574477244881003
    - 1.750619970313395e-06
    - 0.00026173191231500926
    - 7.645630416294952e-05
    - -0.0004942907889524293
  - - 5.131150320009697e-07
    - -2.4450018339175722e-06
    - -2.9400355992690435e-05
    - 0.0006101125417772464
    - 1.0350262620952682e-05
    - 0.00010029474289505484
    - 0.0009493912085404302
    - -4.256839447629959e-05
    - 7.645630416294952e-05
    - 0.013813832692183538
    - -0.0011182920064877276
  - - 6.448285306309716e-08
    - -3.0010699374005603e-05
    - 0.0002154145144324903
    - -0.0009756670703710475
    - -2.8384666831324748e-05
    - 6.5466462571184064e-06
    - -0.0016907707013402338
    - 6.811055038835513e-06
    - -0.0004942907889524293
    - -0.0011182920064877276
    - 0.249836217002054
  dof: 11
# }}}

#########################
# D -> eta form factors #
#########################
# {{{
# These form factors assume a eta-eta' mixing angle of 39.3 degrees
D->eta::f_0+f_++f_T@MR:2025A:
    type: MultivariateGaussian(Covariance)
    observables:
        [ 'D->eta::f_+(q2)', 'D->eta::f_+(q2)', 'D->eta::f_+(q2)', 'D->eta::f_+(q2)',
          'D->eta::f_0(q2)', 'D->eta::f_0(q2)',                    'D->eta::f_0(q2)',
          'D->eta::f_T(q2)', 'D->eta::f_T(q2)', 'D->eta::f_T(q2)', 'D->eta::f_T(q2)' ]
    kinematics:
        [ {q2: -1.0}, {q2: -0.5}, {q2: 0}, {q2: 0.5},
          {q2: -1.0}, {q2: -0.5},          {q2: 0.5},
          {q2: -1.0}, {q2: -0.5}, {q2: 0}, {q2: 0.5}]
    options:
        [ {form-factors: BSZ2015}, {form-factors: BSZ2015}, {form-factors: BSZ2015}, {form-factors: BSZ2015},
          {form-factors: BSZ2015}, {form-factors: BSZ2015}, {form-factors: BSZ2015},
          {form-factors: BSZ2015}, {form-factors: BSZ2015}, {form-factors: BSZ2015}, {form-factors: BSZ2015} ]
    means:
        [0.286076, 0.326694, 0.379533, 0.443525, 0.31434, 0.342505, 0.421601, 0.280201, 0.32317, 0.379705, 0.447146]
    covariance:
        - [0.00985823, 0.0110474, 0.0127223, 0.0146676, 0.0106979, 0.0115875, 0.0139368, 0.00953894, 0.0109414, 0.0127414, 0.0147983]
        - [0.0110474, 0.0127535, 0.0145055, 0.0167113, 0.0121606, 0.0131992, 0.0159001, 0.0108664, 0.0124936, 0.0145483, 0.016859]
        - [0.0127223, 0.0145055, 0.0169625, 0.0192784, 0.014007, 0.0152161, 0.0183504, 0.0125197, 0.014408, 0.0167842, 0.0194465]
        - [0.0146676, 0.0167113, 0.0192784, 0.0225465, 0.016142, 0.0175278, 0.0211531, 0.0144055, 0.0165699, 0.0193168, 0.0224205]
        - [0.0106979, 0.0121606, 0.014007, 0.016142, 0.0119332, 0.0127595, 0.0153378, 0.0105119, 0.0120662, 0.0140474, 0.0162969]
        - [0.0115875, 0.0131992, 0.0152161, 0.0175278, 0.0127595, 0.0140364, 0.0166733, 0.0114059, 0.0131153, 0.0152706, 0.0176908]
        - [0.0139368, 0.0159001, 0.0183504, 0.0211531, 0.0153378, 0.0166733, 0.0204336, 0.0136984, 0.0157731, 0.0183857, 0.0213168]
        - [0.00953894, 0.0108664, 0.0125197, 0.0144055, 0.0105119, 0.0114059, 0.0136984, 0.00954394, 0.0108293, 0.012595, 0.0145621]
        - [0.0109414, 0.0124936, 0.014408, 0.0165699, 0.0120662, 0.0131153, 0.0157731, 0.0108293, 0.0126438, 0.0145125, 0.0167511]
        - [0.0127414, 0.0145483, 0.0167842, 0.0193168, 0.0140474, 0.0152706, 0.0183857, 0.012595, 0.0145125, 0.0171249, 0.0195252]
        - [0.0147983, 0.016859, 0.0194465, 0.0224205, 0.0162969, 0.0176908, 0.0213168, 0.0145621, 0.0167511, 0.0195252, 0.0229727]
D->eta_prime::f_0+f_++f_T@MR:2025A:
    type: MultivariateGaussian(Covariance)
    observables:
        [ 'D->eta_prime::f_+(q2)', 'D->eta_prime::f_+(q2)', 'D->eta_prime::f_+(q2)', 'D->eta_prime::f_+(q2)',
          'D->eta_prime::f_0(q2)', 'D->eta_prime::f_0(q2)',                          'D->eta_prime::f_0(q2)',
          'D->eta_prime::f_T(q2)', 'D->eta_prime::f_T(q2)', 'D->eta_prime::f_T(q2)', 'D->eta_prime::f_T(q2)' ]
    kinematics:
        [ {q2: -1.0}, {q2: -0.5}, {q2: 0}, {q2: 0.5},
          {q2: -1.0}, {q2: -0.5},          {q2: 0.5},
          {q2: -1.0}, {q2: -0.5}, {q2: 0}, {q2: 0.5}]
    options:
        [ {form-factors: BSZ2015}, {form-factors: BSZ2015}, {form-factors: BSZ2015}, {form-factors: BSZ2015},
          {form-factors: BSZ2015}, {form-factors: BSZ2015}, {form-factors: BSZ2015},
          {form-factors: BSZ2015}, {form-factors: BSZ2015}, {form-factors: BSZ2015}, {form-factors: BSZ2015} ]
    means:
        [0.211863, 0.24435, 0.285818, 0.335671, 0.248999, 0.266413, 0.300387, 0.247638, 0.289115, 0.341661, 0.402585]
    covariance:
        - [0.00701718, 0.00816867, 0.00972957, 0.0115556, 0.00825196, 0.00895266, 0.0103041, 0.00806649, 0.00961111, 0.011581, 0.0138264]
        - [0.00816867, 0.00971728, 0.0114721, 0.0136313, 0.00971497, 0.0105509, 0.012149, 0.00950322, 0.0113439, 0.0136857, 0.0163463]
        - [0.00972957, 0.0114721, 0.0138211, 0.0162784, 0.0115823, 0.0125865, 0.0144994, 0.0113308, 0.0135428, 0.0163566, 0.0195543]
        - [0.0115556, 0.0136313, 0.0162784, 0.0195566, 0.0137708, 0.014964, 0.0172457, 0.0134583, 0.016095, 0.0194585, 0.0232997]
        - [0.00825196, 0.00971497, 0.0115823, 0.0137708, 0.00992194, 0.0106576, 0.0122687, 0.00958729, 0.0114378, 0.0137995, 0.0164984]
        - [0.00895266, 0.0105509, 0.0125865, 0.014964, 0.0106576, 0.011689, 0.0133304, 0.0104178, 0.0124442, 0.0150235, 0.0179579]
        - [0.0103041, 0.012149, 0.0144994, 0.0172457, 0.0122687, 0.0133304, 0.0155031, 0.0119974, 0.0143389, 0.0173212, 0.020718]
        - [0.00806649, 0.00950322, 0.0113308, 0.0134583, 0.00958729, 0.0104178, 0.0119974, 0.00948938, 0.0112125, 0.0135259, 0.0161464]
        - [0.00961111, 0.0113439, 0.0135428, 0.016095, 0.0114378, 0.0124442, 0.0143389, 0.0112125, 0.0135513, 0.0162107, 0.0193627]
        - [0.011581, 0.0136857, 0.0163566, 0.0194585, 0.0137995, 0.0150235, 0.0173212, 0.0135259, 0.0162107, 0.0198, 0.0234584]
        - [0.0138264, 0.0163463, 0.0195543, 0.0232997, 0.0164984, 0.0179579, 0.020718, 0.0161464, 0.0193627, 0.0234584, 0.0283846]
D_s->eta::f_0+f_++f_T@MR:2025A:
    type: MultivariateGaussian(Covariance)
    observables:
        [ 'D_s->eta::f_+(q2)', 'D_s->eta::f_+(q2)', 'D_s->eta::f_+(q2)', 'D_s->eta::f_+(q2)',
          'D_s->eta::f_0(q2)', 'D_s->eta::f_0(q2)',                      'D_s->eta::f_0(q2)',
          'D_s->eta::f_T(q2)', 'D_s->eta::f_T(q2)', 'D_s->eta::f_T(q2)', 'D_s->eta::f_T(q2)' ]
    kinematics:
        [ {q2: -1.0}, {q2: -0.5}, {q2: 0}, {q2: 0.5},
          {q2: -1.0}, {q2: -0.5},          {q2: 0.5},
          {q2: -1.0}, {q2: -0.5}, {q2: 0}, {q2: 0.5}]
    options:
        [ {form-factors: BSZ2015}, {form-factors: BSZ2015}, {form-factors: BSZ2015}, {form-factors: BSZ2015},
          {form-factors: BSZ2015}, {form-factors: BSZ2015}, {form-factors: BSZ2015},
          {form-factors: BSZ2015}, {form-factors: BSZ2015}, {form-factors: BSZ2015}, {form-factors: BSZ2015} ]
    means:
        [-0.359877, -0.407431, -0.46745, -0.534423, -0.378493, -0.416921, -0.522843, -0.348973, -0.397037, -0.456493, -0.515374]
    covariance:
        - [0.000322006, 0.000106311, 0.0000954902, 0.0000791474, 0.000125753, 0.000114654, 0.0000586714, 0.000144199, 0.0001415, 0.000128817, 0.0000726302]
        - [0.000106311, 0.000373031, 0.000108941, 0.00010599, 0.000118328, 0.000116315, 0.0000859107, 0.000131691, 0.000141054, 0.00014601, 0.000117226]
        - [0.0000954902, 0.000108941, 0.00047601, 0.000140959, 0.00010887, 0.000118566, 0.000121227, 0.000116114, 0.000141359, 0.000169649, 0.000177091]
        - [0.0000791474, 0.00010599, 0.000140959, 0.000632972, 0.0000932188, 0.000115797, 0.000158201, 0.000093264, 0.000135769, 0.000190418, 0.000242667]
        - [0.000125753, 0.000118328, 0.00010887, 0.0000932188, 0.000368555, 0.000128519, 0.0000690312, 0.000159513, 0.000159287, 0.00014891, 0.0000908184]
        - [0.000114654, 0.000116315, 0.000118566, 0.000115797, 0.000128519, 0.000404677, 0.0000928314, 0.000143741, 0.000154945, 0.000161599, 0.000130967]
        - [0.0000586714, 0.0000859107, 0.000121227, 0.000158201, 0.0000690312, 0.0000928314, 0.000584481, 0.0000636217, 0.000103631, 0.000156941, 0.000218109]
        - [0.000144199, 0.000131691, 0.000116114, 0.000093264, 0.000159513, 0.000143741, 0.0000636217, 0.000387942, 0.000192568, 0.000180246, 0.000110229]
        - [0.0001415, 0.000141054, 0.000141359, 0.000135769, 0.000159287, 0.000154945, 0.000103631, 0.000192568, 0.000463205, 0.00022572, 0.000192889]
        - [0.000128817, 0.00014601, 0.000169649, 0.000190418, 0.00014891, 0.000161599, 0.000156941, 0.000180246, 0.00022572, 0.000613662, 0.000306745]
        - [0.0000726302, 0.000117226, 0.000177091, 0.000242667, 0.0000908184, 0.000130967, 0.000218109, 0.000110229, 0.000192889, 0.000306745, 0.000867938]
D_s->eta_prime::f_0+f_++f_T@MR:2025A:
    type: MultivariateGaussian(Covariance)
    observables:
        [ 'D_s->eta_prime::f_+(q2)', 'D_s->eta_prime::f_+(q2)', 'D_s->eta_prime::f_+(q2)', 'D_s->eta_prime::f_+(q2)',
          'D_s->eta_prime::f_0(q2)', 'D_s->eta_prime::f_0(q2)',                            'D_s->eta_prime::f_0(q2)',
          'D_s->eta_prime::f_T(q2)', 'D_s->eta_prime::f_T(q2)', 'D_s->eta_prime::f_T(q2)', 'D_s->eta_prime::f_T(q2)' ]
    kinematics:
        [ {q2: -1.0}, {q2: -0.5}, {q2: 0}, {q2: 0.5},
          {q2: -1.0}, {q2: -0.5},          {q2: 0.5},
          {q2: -1.0}, {q2: -0.5}, {q2: 0}, {q2: 0.5}]
    options:
        [ {form-factors: BSZ2015}, {form-factors: BSZ2015}, {form-factors: BSZ2015}, {form-factors: BSZ2015},
          {form-factors: BSZ2015}, {form-factors: BSZ2015}, {form-factors: BSZ2015},
          {form-factors: BSZ2015}, {form-factors: BSZ2015}, {form-factors: BSZ2015}, {form-factors: BSZ2015} ]
    means:
        [0.386057, 0.437742, 0.501378, 0.57146, 0.424503, 0.459147, 0.539931, 0.449025, 0.508676, 0.578258, 0.643567]
    covariance:
        - [0.00156412, 0.00160052, 0.00183289, 0.00208693, 0.0015507, 0.00165069, 0.00154702, 0.0015924, 0.00180033, 0.00187007, 0.00191956]
        - [0.00160052, 0.00224681, 0.0022272, 0.00253811, 0.00187636, 0.00200202, 0.00186765, 0.00193291, 0.0021927, 0.00228189, 0.00234151]
        - [0.00183289, 0.0022272, 0.00297105, 0.00294583, 0.0021521, 0.002302, 0.00217506, 0.0022149, 0.0025267, 0.00265917, 0.00277421]
        - [0.00208693, 0.00253811, 0.00294583, 0.00393667, 0.00245174, 0.0026287, 0.00254882, 0.00251137, 0.00288427, 0.00308858, 0.00331683]
        - [0.0015507, 0.00187636, 0.0021521, 0.00245174, 0.00210828, 0.00193871, 0.0018093, 0.00187316, 0.00212341, 0.00221111, 0.00227127]
        - [0.00165069, 0.00200202, 0.002302, 0.0026287, 0.00193871, 0.00240665, 0.00193782, 0.00199741, 0.0022712, 0.00237528, 0.00245251]
        - [0.00154702, 0.00186765, 0.00217506, 0.00254882, 0.0018093, 0.00193782, 0.00242825, 0.00183339, 0.00211024, 0.00230363, 0.00256071]
        - [0.0015924, 0.00193291, 0.0022149, 0.00251137, 0.00187316, 0.00199741, 0.00183339, 0.00226944, 0.00220863, 0.00228795, 0.00231845]
        - [0.00180033, 0.0021927, 0.0025267, 0.00288427, 0.00212341, 0.0022712, 0.00211024, 0.00220863, 0.00293725, 0.00264788, 0.00273238]
        - [0.00187007, 0.00228189, 0.00265917, 0.00308858, 0.00221111, 0.00237528, 0.00230363, 0.00228795, 0.00264788, 0.00340164, 0.00310279]
        - [0.00191956, 0.00234151, 0.00277421, 0.00331683, 0.00227127, 0.00245251, 0.00256071, 0.00231845, 0.00273238, 0.00310279, 0.00427683]
# }}}
