# vim: set fdm=marker :

#########################
# D_s -> eta form factors #
#########################
# {{{
# These form factors assume a eta-eta' mixing angle of 39.3 degrees
D_s->eta::f_0+f_++f_T@MR:2025A:
    type: MultivariateGaussian(Covariance)
    observables:
        [ 'D_s->eta::f_+(q2)', 'D_s->eta::f_+(q2)', 'D_s->eta::f_+(q2)', 'D_s->eta::f_+(q2)',
          'D_s->eta::f_0(q2)', 'D_s->eta::f_0(q2)',                      'D_s->eta::f_0(q2)',
          'D_s->eta::f_T(q2)', 'D_s->eta::f_T(q2)', 'D_s->eta::f_T(q2)', 'D_s->eta::f_T(q2)' ]
    kinematics:
        [ {q2: -1.0}, {q2: -0.5}, {q2: 0}, {q2: 0.5},
          {q2: -1.0}, {q2: -0.5},          {q2: 0.5},
          {q2: -1.0}, {q2: -0.5}, {q2: 0}, {q2: 0.5}]
    options:
        [ {form-factors: BSZ2015}, {form-factors: BSZ2015}, {form-factors: BSZ2015}, {form-factors: BSZ2015},
          {form-factors: BSZ2015}, {form-factors: BSZ2015}, {form-factors: BSZ2015},
          {form-factors: BSZ2015}, {form-factors: BSZ2015}, {form-factors: BSZ2015}, {form-factors: BSZ2015} ]
    means:
        [-0.359877, -0.407431, -0.46745, -0.534423, -0.378493, -0.416921, -0.522843, -0.348973, -0.397037, -0.456493, -0.515374]
    covariance:
        - [0.000322006, 0.000106311, 0.0000954902, 0.0000791474, 0.000125753, 0.000114654, 0.0000586714, 0.000144199, 0.0001415, 0.000128817, 0.0000726302]
        - [0.000106311, 0.000373031, 0.000108941, 0.00010599, 0.000118328, 0.000116315, 0.0000859107, 0.000131691, 0.000141054, 0.00014601, 0.000117226]
        - [0.0000954902, 0.000108941, 0.00047601, 0.000140959, 0.00010887, 0.000118566, 0.000121227, 0.000116114, 0.000141359, 0.000169649, 0.000177091]
        - [0.0000791474, 0.00010599, 0.000140959, 0.000632972, 0.0000932188, 0.000115797, 0.000158201, 0.000093264, 0.000135769, 0.000190418, 0.000242667]
        - [0.000125753, 0.000118328, 0.00010887, 0.0000932188, 0.000368555, 0.000128519, 0.0000690312, 0.000159513, 0.000159287, 0.00014891, 0.0000908184]
        - [0.000114654, 0.000116315, 0.000118566, 0.000115797, 0.000128519, 0.000404677, 0.0000928314, 0.000143741, 0.000154945, 0.000161599, 0.000130967]
        - [0.0000586714, 0.0000859107, 0.000121227, 0.000158201, 0.0000690312, 0.0000928314, 0.000584481, 0.0000636217, 0.000103631, 0.000156941, 0.000218109]
        - [0.000144199, 0.000131691, 0.000116114, 0.000093264, 0.000159513, 0.000143741, 0.0000636217, 0.000387942, 0.000192568, 0.000180246, 0.000110229]
        - [0.0001415, 0.000141054, 0.000141359, 0.000135769, 0.000159287, 0.000154945, 0.000103631, 0.000192568, 0.000463205, 0.00022572, 0.000192889]
        - [0.000128817, 0.00014601, 0.000169649, 0.000190418, 0.00014891, 0.000161599, 0.000156941, 0.000180246, 0.00022572, 0.000613662, 0.000306745]
        - [0.0000726302, 0.000117226, 0.000177091, 0.000242667, 0.0000908184, 0.000130967, 0.000218109, 0.000110229, 0.000192889, 0.000306745, 0.000867938]
D_s->eta_prime::f_0+f_++f_T@MR:2025A:
    type: MultivariateGaussian(Covariance)
    observables:
        [ 'D_s->eta_prime::f_+(q2)', 'D_s->eta_prime::f_+(q2)', 'D_s->eta_prime::f_+(q2)', 'D_s->eta_prime::f_+(q2)',
          'D_s->eta_prime::f_0(q2)', 'D_s->eta_prime::f_0(q2)',                            'D_s->eta_prime::f_0(q2)',
          'D_s->eta_prime::f_T(q2)', 'D_s->eta_prime::f_T(q2)', 'D_s->eta_prime::f_T(q2)', 'D_s->eta_prime::f_T(q2)' ]
    kinematics:
        [ {q2: -1.0}, {q2: -0.5}, {q2: 0}, {q2: 0.5},
          {q2: -1.0}, {q2: -0.5},          {q2: 0.5},
          {q2: -1.0}, {q2: -0.5}, {q2: 0}, {q2: 0.5}]
    options:
        [ {form-factors: BSZ2015}, {form-factors: BSZ2015}, {form-factors: BSZ2015}, {form-factors: BSZ2015},
          {form-factors: BSZ2015}, {form-factors: BSZ2015}, {form-factors: BSZ2015},
          {form-factors: BSZ2015}, {form-factors: BSZ2015}, {form-factors: BSZ2015}, {form-factors: BSZ2015} ]
    means:
        [0.386057, 0.437742, 0.501378, 0.57146, 0.424503, 0.459147, 0.539931, 0.449025, 0.508676, 0.578258, 0.643567]
    covariance:
        - [0.00156412, 0.00160052, 0.00183289, 0.00208693, 0.0015507, 0.00165069, 0.00154702, 0.0015924, 0.00180033, 0.00187007, 0.00191956]
        - [0.00160052, 0.00224681, 0.0022272, 0.00253811, 0.00187636, 0.00200202, 0.00186765, 0.00193291, 0.0021927, 0.00228189, 0.00234151]
        - [0.00183289, 0.0022272, 0.00297105, 0.00294583, 0.0021521, 0.002302, 0.00217506, 0.0022149, 0.0025267, 0.00265917, 0.00277421]
        - [0.00208693, 0.00253811, 0.00294583, 0.00393667, 0.00245174, 0.0026287, 0.00254882, 0.00251137, 0.00288427, 0.00308858, 0.00331683]
        - [0.0015507, 0.00187636, 0.0021521, 0.00245174, 0.00210828, 0.00193871, 0.0018093, 0.00187316, 0.00212341, 0.00221111, 0.00227127]
        - [0.00165069, 0.00200202, 0.002302, 0.0026287, 0.00193871, 0.00240665, 0.00193782, 0.00199741, 0.0022712, 0.00237528, 0.00245251]
        - [0.00154702, 0.00186765, 0.00217506, 0.00254882, 0.0018093, 0.00193782, 0.00242825, 0.00183339, 0.00211024, 0.00230363, 0.00256071]
        - [0.0015924, 0.00193291, 0.0022149, 0.00251137, 0.00187316, 0.00199741, 0.00183339, 0.00226944, 0.00220863, 0.00228795, 0.00231845]
        - [0.00180033, 0.0021927, 0.0025267, 0.00288427, 0.00212341, 0.0022712, 0.00211024, 0.00220863, 0.00293725, 0.00264788, 0.00273238]
        - [0.00187007, 0.00228189, 0.00265917, 0.00308858, 0.00221111, 0.00237528, 0.00230363, 0.00228795, 0.00264788, 0.00340164, 0.00310279]
        - [0.00191956, 0.00234151, 0.00277421, 0.00331683, 0.00227127, 0.00245251, 0.00256071, 0.00231845, 0.00273238, 0.00310279, 0.00427683]
# }}}
