# vim: set fdm=marker :

#########
# BaBar #
#########
#
# 2010
#
# {{{
B^0->pi^+lnu::BR[0.0,4.0]@BaBar-2010A:
    type: Gaussian
    observable: B->pilnu::BR
    kinematics: {q2_min: 0, q2_max: 4}
    options: {q: d}
    mean: 3.13e-05
    sigma-stat: {hi: 3e-06, lo: -3e-06}
    sigma-sys: {hi: 2.5e-06, lo: -2.5e-06}
    dof: 1
B^0->pi^+lnu::BR[4.0,8.0]@BaBar-2010A:
    type: Gaussian
    observable: B->pilnu::BR
    kinematics: {q2_min: 4, q2_max: 8}
    options: {q: d}
    mean: 3.29e-05
    sigma-stat: {hi: 1.8e-06, lo: -1.8e-06}
    sigma-sys: {hi: 1.6e-06, lo: -1.6e-06}
    dof: 1
B^0->pi^+lnu::BR[8.0,12.0]@BaBar-2010A:
    type: Gaussian
    observable: B->pilnu::BR
    kinematics: {q2_min: 8, q2_max: 12}
    options: {q: d}
    mean: 2.41e-05
    sigma-stat: {hi: 1.8e-06, lo: -1.8e-06}
    sigma-sys: {hi: 1.5e-06, lo: -1.5e-06}
    dof: 1
B^0->pi^+lnu::BR@BaBar-2010B:
    type: MultivariateGaussian
    dim: 6
    observables:
        -   B->pilnu::BR
        -   B->pilnu::BR
        -   B->pilnu::BR
        -   B->pilnu::BR
        -   B->pilnu::BR
        -   B->pilnu::BR
    kinematics:
        -   {q2_min: 0, q2_max: 2}
        -   {q2_min: 2, q2_max: 4}
        -   {q2_min: 4, q2_max: 6}
        -   {q2_min: 6, q2_max: 8}
        -   {q2_min: 8, q2_max: 10}
        -   {q2_min: 10, q2_max: 12}
    options:
        -   {q: d}
        -   {q: d}
        -   {q: d}
        -   {q: d}
        -   {q: d}
        -   {q: d}
    means: [1.28e-05, 1.192e-05, 1.446e-05, 1.437e-05, 1.525e-05, 1.49e-05]
    sigma-stat-hi: [0, 0, 0, 0, 0, 0]
    sigma-stat-lo: [0, 0, 0, 0, 0, 0]
    sigma-sys: [1.96e-06, 1.35e-06, 1.08e-06, 1.05e-06, 1.06e-06, 1.11e-06]
    correlations:
        -   [1, -0.2465, 0.2417, 0.1055, 0.1695, 0.1839]
        -   [-0.2465, 1, -0.2976, 0.09229999999999999, -0.0601, -0.0227]
        -   [0.2417, -0.2976, 1, -0.0192, 0.3264, 0.2382]
        -   [0.1055, 0.09229999999999999, -0.0192, 1, -0.0164, 0.2808]
        -   [0.1695, -0.0601, 0.3264, -0.0164, 1, 0.0202]
        -   [0.1839, -0.0227, 0.2382, 0.2808, 0.0202, 1]
    dof: 6
B^0->pi^+l^-nu::KinematicalDistribution[q2]@BaBar-2010B:
    type: MultivariateGaussian(Covariance)
    dim: 11
    observables: ['B->pilnu::P(q2_min,q2_max)', 'B->pilnu::P(q2_min,q2_max)', 'B->pilnu::P(q2_min,q2_max)',
      'B->pilnu::P(q2_min,q2_max)', 'B->pilnu::P(q2_min,q2_max)', 'B->pilnu::P(q2_min,q2_max)',
      'B->pilnu::P(q2_min,q2_max)', 'B->pilnu::P(q2_min,q2_max)', 'B->pilnu::P(q2_min,q2_max)',
      'B->pilnu::P(q2_min,q2_max)', 'B->pilnu::P(q2_min,q2_max)']
    kinematics: [{q2_max: 2.0, q2_min: 0.0}, {q2_max: 4.0, q2_min: 2.0}, {q2_max: 6.0,
        q2_min: 4.0}, {q2_max: 8.0, q2_min: 6.0}, {q2_max: 10.0, q2_min: 8.0}, {q2_max: 12.0,
        q2_min: 10.0}, {q2_max: 14.0, q2_min: 12.0}, {q2_max: 16.0, q2_min: 14.0}, {
        q2_max: 18.0, q2_min: 16.0}, {q2_max: 20.0, q2_min: 18.0}, {q2_max: 22.0, q2_min: 20.0}]
    options: [{}, {}, {}, {}, {}, {}, {}, {}, {}, {}, {}]
    means: [0.04498805004920569, 0.0418951216083228, 0.05082243778996205, 0.05050611556305357,
      0.05359904400393647, 0.0523689020104035, 0.04685083649655562, 0.042211443835231274,
      0.040524391958386065, 0.03595529312526361, 0.030261493040911015]
    covariance: [[5.9740467013369105e-05, -1.7596896985902847e-05, -1.980114697060586e-06,
        -7.41194778312658e-06, -5.3127181003085165e-06, -5.0552668670030916e-06, -4.53012168395427e-06,
        -5.36315065139466e-06, -3.840315890689969e-06, -6.839134136522056e-06, -1.953909820883299e-06],
      [-1.7596896985902847e-05, 3.900742482049545e-05, -8.378559047840107e-06, 5.023208299136734e-06,
        -3.936481892276046e-07, -1.8250991014704286e-07, -1.0721094771386418e-06, -2.376143459432106e-06,
        -3.9437559168868215e-06, 4.731400757890894e-06, -5.385502359280587e-06], [-1.980114697060586e-06,
        -8.378559047840107e-06, 2.30427155329197e-05, -6.478680777738979e-06, 3.097046735485855e-06,
        -4.544218693580819e-07, -6.291748763350649e-07, -7.714101904164551e-07, -1.3693205995376254e-06,
        -9.4766692760055e-07, -1.0253264811395686e-06], [-7.41194778312658e-06, 5.023208299136734e-06,
        -6.478680777738979e-06, 2.415260255186238e-05, -6.1052652456078925e-06, 2.2064049373414786e-06,
        -9.59702441040958e-08, -9.722979822250722e-07, -1.4580838196807626e-06, 6.801338804976973e-07,
        -2.97828067371587e-06], [-5.3127181003085165e-06, -3.936481892276046e-07, 3.097046735485855e-06,
        -6.1052652456078925e-06, 2.598354940645436e-05, -7.237325044070696e-06, 1.9069831111507295e-06,
        -1.43544646344073e-06, -1.615169384439993e-06, -3.9475012997760525e-07, -2.5150211818368844e-06],
      [-5.0552668670030916e-06, -1.8250991014704286e-07, -4.544218693580819e-07, 2.2064049373414786e-06,
        -7.237325044070696e-06, 2.5246575847676687e-05, -5.805347903926329e-06, 8.983051303060987e-07,
        -8.877653529681832e-07, -1.1612080035078252e-06, -2.0668635975322772e-06], [
        -4.53012168395427e-06, -1.0721094771386418e-06, -6.291748763350649e-07, -9.59702441040958e-08,
        1.9069831111507295e-06, -5.805347903926329e-06, 2.5400354759455574e-05, -7.18281627389976e-06,
        1.6749384253394463e-06, -1.7794918903994812e-06, -1.7437595063352266e-06], [
        -5.36315065139466e-06, -2.376143459432106e-06, -7.714101904164551e-07, -9.722979822250722e-07,
        -1.43544646344073e-06, 8.983051303060987e-07, -7.18281627389976e-06, 2.809757268034422e-05,
        -2.0906994497364e-06, -1.5972877856820646e-06, -2.5685058250567244e-06], [-3.840315890689969e-06,
        -3.9437559168868215e-06, -1.3693205995376254e-06, -1.4580838196807626e-06, -1.615169384439993e-06,
        -8.877653529681832e-07, 1.6749384253394463e-06, -2.0906994497364e-06, 2.9131674896004225e-05,
        -8.28868632496297e-06, 9.84850640874535e-07], [-6.839134136522056e-06, 4.731400757890894e-06,
        -9.4766692760055e-07, 6.801338804976973e-07, -3.9475012997760525e-07, -1.1612080035078252e-06,
        -1.7794918903994812e-06, -1.5972877856820646e-06, -8.28868632496297e-06, 2.5978216929681372e-05,
        -3.180672984611645e-06], [-1.953909820883299e-06, -5.385502359280587e-06, -1.0253264811395686e-06,
        -2.97828067371587e-06, -2.5150211818368844e-06, -2.0668635975322772e-06, -1.7437595063352266e-06,
        -2.5685058250567244e-06, 9.84850640874535e-07, -3.180672984611645e-06, 3.120898250215261e-05]]
    dof: 11
# }}}
#
# 2012
#
# {{{
B^0->pi^+lnu::BR@BaBar-2012D:
    type: MultivariateGaussian
    dim: 6
    observables:
        -   B->pilnu::BR
        -   B->pilnu::BR
        -   B->pilnu::BR
        -   B->pilnu::BR
        -   B->pilnu::BR
        -   B->pilnu::BR
    kinematics:
        -   {q2_min: 0, q2_max: 2}
        -   {q2_min: 2, q2_max: 4}
        -   {q2_min: 4, q2_max: 6}
        -   {q2_min: 6, q2_max: 8}
        -   {q2_min: 8, q2_max: 10}
        -   {q2_min: 10, q2_max: 12}
    options:
        -   {q: d}
        -   {q: d}
        -   {q: d}
        -   {q: d}
        -   {q: d}
        -   {q: d}
    means: [1.225e-05, 1.277e-05, 1.274e-05, 1.498e-05, 1.405e-05, 1.617e-05]
    sigma-stat-hi: [0, 0, 0, 0, 0, 0]
    sigma-stat-lo: [0, 0, 0, 0, 0, 0]
    sigma-sys: [1.82e-06, 1.28e-06, 1.09e-06, 1.03e-06, 1.15e-06, 1.04e-06]
    correlations:
        -   [1, -0.0759, 0.1679, 0.1432, 0.1831, 0.1471]
        -   [-0.0759, 1, -0.1473, 0.2174, 0.0718, 0.0975]
        -   [0.1679, -0.1473, 1, -0.08890000000000001, 0.225, 0.1076]
        -   [0.1432, 0.2174, -0.08890000000000001, 1, 0.0218, 0.2772]
        -   [0.1831, 0.0718, 0.225, 0.0218, 1, -0.0425]
        -   [0.1471, 0.0975, 0.1076, 0.2772, -0.0425, 1]
    dof: 6
# }}}

#########
# Belle #
#########
#
# 2010
#
# {{{
#B^0->pi^+lnu::BR@Belle-2010A:
#    type: MultivariateGaussian
#    dim: 6
#    observables:
#        -   B->pilnu::BR
#        -   B->pilnu::BR
#        -   B->pilnu::BR
#        -   B->pilnu::BR
#        -   B->pilnu::BR
#        -   B->pilnu::BR
#    kinematics:
#        -   {q2_min: 0, q2_max: 2}
#        -   {q2_min: 2, q2_max: 4}
#        -   {q2_min: 4, q2_max: 6}
#        -   {q2_min: 6, q2_max: 8}
#        -   {q2_min: 8, q2_max: 10}
#        -   {q2_min: 10, q2_max: 12}
#    options:
#        -   {q: d}
#        -   {q: d}
#        -   {q: d}
#        -   {q: d}
#        -   {q: d}
#        -   {q: d}
#    means: [1.173e-05, 1.526e-05, 1.213e-05, 1.465e-05, 1.473e-05, 1.404e-05]
#    sigma-stat-hi: [0, 0, 0, 0, 0, 0]
#    sigma-stat-lo: [0, 0, 0, 0, 0, 0]
#    sigma-sys: [2.19e-06, 1.03e-06, 1.05e-06, 1.02e-06, 1.08e-06, 1.24e-06]
#    correlations:
#        -   [1, -0.2638, 0.14, -0.0635, 0.167, 0.1084]
#        -   [-0.2638, 1, -0.139, 0.3369, 0.0292, 0.0888]
#        -   [0.14, -0.139, 1, -0.0484, 0.2842, 0.2288]
#        -   [-0.0635, 0.3369, -0.0484, 1, -0.1302, 0.1859]
#        -   [0.167, 0.0292, 0.2842, -0.1302, 1, 0.1476]
#        -   [0.1084, 0.0888, 0.2288, 0.1859, 0.1476, 1]
#    dof: 6
B^0->pi^+lnu::BR@Belle-2010A:
    type: MultivariateGaussian(Covariance)
    dim: 13
    observables: ['B->pilnu::BR', 'B->pilnu::BR', 'B->pilnu::BR', 'B->pilnu::BR', 'B->pilnu::BR',
      'B->pilnu::BR', 'B->pilnu::BR', 'B->pilnu::BR', 'B->pilnu::BR', 'B->pilnu::BR',
      'B->pilnu::BR', 'B->pilnu::BR', 'B->pilnu::BR']
    kinematics: [{q2_max: 2.0, q2_min: 0.0}, {q2_max: 4.0, q2_min: 2.0}, {q2_max: 6.0,
        q2_min: 4.0}, {q2_max: 8.0, q2_min: 6.0}, {q2_max: 10.0, q2_min: 8.0}, {q2_max: 12.0,
        q2_min: 10.0}, {q2_max: 14.0, q2_min: 12.0}, {q2_max: 16.0, q2_min: 14.0}, {
        q2_max: 18.0, q2_min: 16.0}, {q2_max: 20.0, q2_min: 18.0}, {q2_max: 22.0, q2_min: 20.0},
      {q2_max: 24.0, q2_min: 22.0}, {q2_max: 26.4, q2_min: 24.0}]
    options: [{}, {}, {}, {}, {}, {}, {}, {}, {}, {}, {}, {}, {}]
    means: [1.1733e-05, 1.5258e-05, 1.2128e-05, 1.4653999999999999e-05, 1.4731999999999999e-05,
      1.4038999999999997e-05, 1.45e-05, 1.259e-05, 1.1856999999999998e-05, 7.359e-06,
      9.420999999999998e-06, 7.98e-06, 3.1589999999999997e-06]
    covariance: [[6.606728305890659e-12, -1.0712273681260958e-12, 4.577411984125401e-13,
        -2.442288354309587e-13, 6.856298606688186e-13, 4.85492810817662e-13, 6.1951365053904e-13,
        2.4226035147265656e-13, 1.9490241107564907e-13, 1.5126189986037244e-13, 1.0783296741815369e-13,
        2.4719737458780005e-14, 3.733073382783537e-14], [-1.0712273681260958e-12, 2.49582139388712e-12,
        -2.7931905903162617e-13, 7.957901678572792e-13, 7.363161785090207e-14, 2.443865364519541e-13,
        2.5113565472178003e-13, 2.1443804237212498e-13, 1.9685654105586644e-13, 1.482099211345342e-13,
        1.6542637857485901e-13, 2.409638796501301e-13, 9.207013673169467e-14], [4.577411984125401e-13,
        -2.7931905903162617e-13, 1.61723089854464e-12, -9.197285270697215e-14, 5.770822208723558e-13,
        5.068362025611051e-13, 5.950469050979199e-13, 1.7410678052473601e-13, 2.794618317742803e-13,
        1.793720366809536e-13, 1.7757714155921917e-13, 1.9974024962357762e-13, 8.752563782486784e-14],
      [-2.442288354309587e-13, 7.957901678572792e-13, -9.197285270697217e-14, 2.23573463697092e-12,
        -3.1097050345735296e-13, 4.842979622287494e-13, 3.6799331142974e-13, 3.455182486896456e-13,
        2.7491016292722756e-13, 2.2159937933178674e-13, 2.3840299613668363e-13, 2.9573937648716997e-13,
        9.975941870130287e-14], [6.856298606688186e-13, 7.363161785090207e-14, 5.770822208723557e-13,
        -3.109705034573529e-13, 2.5500045644967987e-12, 4.1059468678535175e-13, 1.2985047439149596e-12,
        1.8367198610533113e-13, 3.914311925549721e-13, 2.550999042122572e-13, 2.2030431589011613e-13,
        2.4135510853413117e-13, 9.321126077210686e-14], [4.85492810817662e-13, 2.4438653645195414e-13,
        5.068362025611051e-13, 4.842979622287494e-13, 4.105946867853517e-13, 3.0344853552145693e-12,
        7.087982727749399e-13, 3.7669176488457065e-13, 4.4572016984478923e-13, 3.350182174626699e-13,
        2.419181393973883e-13, 3.164339823520176e-13, 1.0351696817010978e-13], [6.195136505390401e-13,
        2.5113565472178e-13, 5.950469050979199e-13, 3.6799331142974e-13, 1.2985047439149598e-12,
        7.087982727749399e-13, 3.2621401825000003e-12, -3.547231170496e-13, 4.77493767107305e-13,
        2.4177273715386006e-13, 2.790446950623799e-13, 2.675750023191e-13, 1.0790053421588998e-13],
      [2.4226035147265656e-13, 2.1443804237212503e-13, 1.741067805247359e-13, 3.4551824868964557e-13,
        1.8367198610533118e-13, 3.766917648845706e-13, -3.5472311704959995e-13, 2.7995082440409996e-12,
        3.996584281434433e-13, 6.625725603127488e-13, 2.2043363800459795e-13, 3.39351632038944e-13,
        1.3112731553243398e-13], [1.9490241107564907e-13, 1.9685654105586641e-13, 2.794618317742803e-13,
        2.7491016292722756e-13, 3.914311925549721e-13, 4.4572016984478913e-13, 4.77493767107305e-13,
        3.996584281434433e-13, 2.3811887372476994e-12, 4.959710623428251e-13, 2.2159418551192346e-13,
        3.0983908926994795e-13, 1.2328215366171744e-13], [1.5126189986037244e-13, 1.482099211345342e-13,
        1.7937203668095363e-13, 2.2159937933178674e-13, 2.5509990421225726e-13, 3.3501821746266983e-13,
        2.4177273715386006e-13, 6.625725603127488e-13, 4.959710623428251e-13, 2.08123922888244e-12,
        -8.769499919320541e-14, 2.4924710419686e-13, 6.010374944870011e-14], [1.0783296741815367e-13,
        1.6542637857485901e-13, 1.7757714155921917e-13, 2.3840299613668363e-13, 2.2030431589011608e-13,
        2.4191813939738837e-13, 2.7904469506237987e-13, 2.2043363800459795e-13, 2.2159418551192346e-13,
        -8.769499919320538e-14, 1.5259830593515592e-12, 1.066612937571216e-13, 1.0836875479171247e-13],
      [2.471973745878e-14, 2.409638796501301e-13, 1.9974024962357762e-13, 2.9573937648717e-13,
        2.4135510853413117e-13, 3.164339823520176e-13, 2.675750023191e-13, 3.3935163203894405e-13,
        3.09839089269948e-13, 2.4924710419686e-13, 1.066612937571216e-13, 1.5070049444519998e-12,
        7.1469132324408e-15], [3.733073382783537e-14, 9.20701367316947e-14, 8.752563782486784e-14,
        9.975941870130289e-14, 9.321126077210686e-14, 1.0351696817010978e-13, 1.0790053421588998e-13,
        1.3112731553243398e-13, 1.2328215366171742e-13, 6.010374944870011e-14, 1.0836875479171247e-13,
        7.146913232440813e-15, 4.8534562459773e-13]]
    dof: 13
B^0->pi^+l^-nu::KinematicalDistribution[q2]@Belle-2010A:
    type: MultivariateGaussian(Covariance)
    dim: 12
    observables: ['B->pilnu::P(q2_min,q2_max)', 'B->pilnu::P(q2_min,q2_max)', 'B->pilnu::P(q2_min,q2_max)',
      'B->pilnu::P(q2_min,q2_max)', 'B->pilnu::P(q2_min,q2_max)', 'B->pilnu::P(q2_min,q2_max)',
      'B->pilnu::P(q2_min,q2_max)', 'B->pilnu::P(q2_min,q2_max)', 'B->pilnu::P(q2_min,q2_max)',
      'B->pilnu::P(q2_min,q2_max)', 'B->pilnu::P(q2_min,q2_max)', 'B->pilnu::P(q2_min,q2_max)']
    kinematics: [{q2_max: 2.0, q2_min: 0.0}, {q2_max: 4.0, q2_min: 2.0}, {q2_max: 6.0,
        q2_min: 4.0}, {q2_max: 8.0, q2_min: 6.0}, {q2_max: 10.0, q2_min: 8.0}, {q2_max: 12.0,
        q2_min: 10.0}, {q2_max: 14.0, q2_min: 12.0}, {q2_max: 16.0, q2_min: 14.0}, {
        q2_max: 18.0, q2_min: 16.0}, {q2_max: 20.0, q2_min: 18.0}, {q2_max: 22.0, q2_min: 20.0},
      {q2_max: 24.0, q2_min: 22.0}]
    options: [{}, {}, {}, {}, {}, {}, {}, {}, {}, {}, {}, {}]
    means: [0.03926444013118266, 0.051060839301251604, 0.04058630613747407, 0.049039555585302194,
      0.04930058229034202, 0.046981460410949735, 0.04852419516765947, 0.04213238739040226,
      0.03967940566227161, 0.024626865671641796, 0.03152734087410482, 0.026705039823305004]
    covariance: [[6.47484510453735e-05, -1.847602570478683e-05, -1.4522690697146233e-06,
        -1.010716693158938e-05, -1.3350783681153977e-06, -4.297762445421967e-06, -3.2919258951707997e-06,
        -5.076617298488065e-06, -5.830149914650761e-06, -4.269291532191052e-06, -3.926846741967685e-06,
        -5.060013279548836e-06], [-1.847602570478683e-05, 2.816783528890568e-05, -5.050922013145033e-06,
        7.4964271800443e-06, -2.92213514592115e-06, -2.3780464688679144e-06, -2.676775952311084e-06,
        -8.155215946309256e-07, -1.7596226501476034e-06, -2.1334791051182787e-06, 3.1790445886750587e-07,
        1.1887955625174365e-07], [-1.4522690697146233e-06, -5.050922013145033e-06, 1.5230246294301851e-05,
        -4.035804628591105e-06, 1.691941693221587e-06, -9.953116948231101e-08, 5.493755430651941e-07,
        -2.1620746608163835e-06, -1.4646895972677734e-06, -1.8859447819457099e-06, -3.870683205633857e-07,
        -7.868999029529126e-07], [-1.010716693158938e-05, 7.4964271800443e-06, -4.035804628591105e-06,
        2.2387380614679633e-05, -8.534416782413767e-06, -7.863893485094225e-07, -2.531831585223855e-06,
        -4.557386755596151e-07, -1.8491844995904807e-06, -1.8600659223857047e-06, 2.8544128685019233e-07,
        6.067481879182971e-08], [-1.3350783681153977e-06, -2.92213514592115e-06, 1.691941693221587e-06,
        -8.534416782413767e-06, 2.160369017082447e-05, -3.7457487038075686e-06, 5.824933953993362e-06,
        -4.099060305039119e-06, -2.2917270759675133e-06, -2.5760521483205302e-06, -1.297930450862882e-06,
        -1.7133974795644374e-06], [-4.297762445421967e-06, -2.3780464688679144e-06,
        -9.953116948231101e-08, -7.863893485094225e-07, -3.7457487038075686e-06, 2.4914468458147405e-05,
        -1.9037658074705074e-06, -2.9145459609958584e-06, -2.5751706644151523e-06, -2.1562294594752816e-06,
        -1.8370476333695036e-06, -1.488438283537851e-06], [-3.2919258951707997e-06,
        -2.676775952311084e-06, 5.493755430651941e-07, -2.531831585223855e-06, 5.824933953993362e-06,
        -1.9037658074705074e-06, 2.6497662856498447e-05, -1.1607656850798348e-05, -2.5979746174772866e-06,
        -3.503234044021006e-06, -1.6871290907850032e-06, -2.288156895963428e-06], [
        -5.076617298488065e-06, -8.155215946309256e-07, -2.1620746608163835e-06, -4.557386755596151e-07,
        -4.099060305039119e-06, -2.9145459609958584e-06, -1.1607656850798348e-05, 2.6303806712390355e-05,
        -1.2503388366920572e-06, 2.82052104145474e-06, -7.843507181224245e-07, -1.583887073826397e-08],
      [-5.830149914650761e-06, -1.7596226501476034e-06, -1.4646895972677734e-06, -1.8491844995904807e-06,
        -2.2917270759675133e-06, -2.5751706644151523e-06, -2.5979746174772866e-06, -1.2503388366920572e-06,
        2.076218413675999e-05, 7.437372114180905e-07, -1.1369632465323837e-06, -6.012730476814979e-07],
      [-4.269291532191052e-06, -2.1334791051182787e-06, -1.8859447819457099e-06, -1.8600659223857047e-06,
        -2.5760521483205302e-06, -2.1562294594752816e-06, -3.503234044021006e-06, 2.82052104145474e-06,
        7.437372114180905e-07, 1.9853566673537533e-05, -4.057763047213591e-06, -4.2517974859162884e-07],
      [-3.926846741967685e-06, 3.1790445886750587e-07, -3.870683205633857e-07, 2.8544128685019233e-07,
        -1.297930450862882e-06, -1.8370476333695036e-06, -1.6871290907850032e-06, -7.843507181224245e-07,
        -1.1369632465323837e-06, -4.057763047213591e-06, 1.537330459885869e-05, -1.1870897816657098e-06],
      [-5.060013279548836e-06, 1.1887955625174365e-07, -7.868999029529126e-07, 6.067481879182971e-08,
        -1.7133974795644374e-06, -1.488438283537851e-06, -2.288156895963428e-06, -1.583887073826397e-08,
        -6.012730476814979e-07, -4.2517974859162884e-07, -1.1870897816657098e-06, 1.4318776114438878e-05]]
    dof: 12
# }}}
#
# 2013
#
# {{{
B^0->pi^+lnu::BR@Belle-2013A:
    type: MultivariateGaussian
    dim: 6
    observables:
        -   B->pilnu::BR
        -   B->pilnu::BR
        -   B->pilnu::BR
        -   B->pilnu::BR
        -   B->pilnu::BR
        -   B->pilnu::BR
    kinematics:
        -   {q2_min: 0, q2_max: 2}
        -   {q2_min: 2, q2_max: 4}
        -   {q2_min: 4, q2_max: 6}
        -   {q2_min: 6, q2_max: 8}
        -   {q2_min: 8, q2_max: 10}
        -   {q2_min: 10, q2_max: 12}
    options:
        -   {q: d}
        -   {q: d}
        -   {q: d}
        -   {q: d}
        -   {q: d}
        -   {q: d}
    means: [1.95e-05, 1.06e-05, 1.51e-05, 9.7e-06, 7.8e-06, 1.59e-05]
    sigma-stat-hi: [0, 0, 0, 0, 0, 0]
    sigma-stat-lo: [0, 0, 0, 0, 0, 0]
    sigma-sys: [3.2e-06, 2.7e-06, 2.8e-06, 2.3e-06, 2.2e-06, 2.8e-06]
    correlations:
        -   [1, -0.145, 0.01, -0.001, 0, 0]
        -   [-0.145, 1, -0.1, 0.008, 0, 0.001]
        -   [0.01, -0.1, 1, -0.094, 0.003, -0.001]
        -   [-0.001, 0.008, -0.094, 1, -0.078, 0.005]
        -   [0, 0, 0.003, -0.078, 1, -0.097]
        -   [0, 0.001, -0.001, 0.005, -0.097, 1]
    dof: 6
B^0->pi^+l^-nu::KinematicalDistribution[q2]@Belle-2013A:
    type: MultivariateGaussian(Covariance)
    dim: 12
    observables: ['B->pilnu::P(q2_min,q2_max)', 'B->pilnu::P(q2_min,q2_max)', 'B->pilnu::P(q2_min,q2_max)',
      'B->pilnu::P(q2_min,q2_max)', 'B->pilnu::P(q2_min,q2_max)', 'B->pilnu::P(q2_min,q2_max)',
      'B->pilnu::P(q2_min,q2_max)', 'B->pilnu::P(q2_min,q2_max)', 'B->pilnu::P(q2_min,q2_max)',
      'B->pilnu::P(q2_min,q2_max)', 'B->pilnu::P(q2_min,q2_max)', 'B->pilnu::P(q2_min,q2_max)']
    kinematics: [{q2_max: 2.0, q2_min: 0.0}, {q2_max: 4.0, q2_min: 2.0}, {q2_max: 6.0,
        q2_min: 4.0}, {q2_max: 8.0, q2_min: 6.0}, {q2_max: 10.0, q2_min: 8.0}, {q2_max: 12.0,
        q2_min: 10.0}, {q2_max: 14.0, q2_min: 12.0}, {q2_max: 16.0, q2_min: 14.0}, {
        q2_max: 18.0, q2_min: 16.0}, {q2_max: 20.0, q2_min: 18.0}, {q2_max: 22.0, q2_min: 20.0},
      {q2_max: 24.0, q2_min: 22.0}]
    options: [{}, {}, {}, {}, {}, {}, {}, {}, {}, {}, {}, {}]
    means: [0.06534526854219948, 0.035421994884910483, 0.050511508951406645, 0.03248081841432225,
      0.026086956521739132, 0.053196930946291555, 0.04526854219948849, 0.04552429667519181,
      0.03593350383631713, 0.03887468030690537, 0.03951406649616368, 0.022506393861892588]
    covariance: [[0.00010576027958973486, -2.051467931197886e-05, -7.2192094575944885e-06,
        -6.588192657046029e-06, -5.411517944354159e-06, -7.817309259611855e-06, -7.45258155398718e-06,
        -8.584654334525678e-06, -6.75464007901129e-06, -7.14580806166907e-06, -8.976632869534566e-06,
        -5.005088891437755e-06], [-2.051467931197886e-05, 7.913298544092484e-05, -1.3613018706285993e-05,
        -3.0232770398591372e-06, -3.1123522789435582e-06, -4.761949304392929e-06, -4.5768932493056575e-06,
        -5.189369012109802e-06, -4.133348416778465e-06, -3.992292688304291e-06, -5.410640053192803e-06,
        -2.9710577842301003e-06], [-7.2192094575944885e-06, -1.3613018706285993e-05,
        8.294814324992853e-05, -6.493421388672791e-06, -3.853577305212315e-06, -6.363041142634544e-06,
        -5.8544938881643814e-06, -6.592700618085082e-06, -5.226543598974461e-06, -5.720963404150727e-06,
        -7.312716751711281e-06, -3.931586041086854e-06], [-6.588192657046029e-06, -3.0232770398591372e-06,
        -6.493421388672791e-06, 5.671876807161456e-05, -2.9504234827651833e-06, -4.47141597813576e-06,
        -4.63679292239521e-06, -5.255552607669422e-06, -4.084809577713346e-06, -4.398606873306472e-06,
        -5.093000211122689e-06, -2.8463439482815266e-06], [-5.411517944354159e-06, -3.1123522789435582e-06,
        -3.853577305212315e-06, -2.9504234827651833e-06, 5.259321619662473e-05, -1.0980575445023839e-05,
        -3.7144304355575403e-06, -4.203642613924566e-06, -3.336880048430843e-06, -3.4795283854989205e-06,
        -4.09528673734151e-06, -2.2753179491708388e-06], [-7.817309259611855e-06, -4.761949304392929e-06,
        -6.363041142634544e-06, -4.47141597813576e-06, -1.0980575445023839e-05, 8.295466756759779e-05,
        -1.1818131724225389e-05, -6.016427791449318e-06, -5.040054328855889e-06, -5.053691480197443e-06,
        -6.693907385943469e-06, -3.670699793282875e-06], [-7.45258155398718e-06, -4.5768932493056575e-06,
        -5.8544938881643814e-06, -4.63679292239521e-06, -3.7144304355575403e-06, -1.1818131724225389e-05,
        7.748646320241284e-05, -1.1354158683086018e-05, -4.55337286134656e-06, -4.835035833235232e-06,
        -6.33635551577583e-06, -3.392231509756585e-06], [-8.584654334525678e-06, -5.189369012109802e-06,
        -6.592700618085082e-06, -5.255552607669422e-06, -4.203642613924566e-06, -6.016427791449318e-06,
        -1.1354158683086018e-05, 8.227668227008796e-05, -1.0105730311046606e-05, -5.4150067527452735e-06,
        -6.759758811890881e-06, -3.762358586756745e-06], [-6.75464007901129e-06, -4.133348416778465e-06,
        -5.226543598974461e-06, -4.084809577713346e-06, -3.336880048430843e-06, -5.040054328855889e-06,
        -4.55337286134656e-06, -1.0105730311046606e-05, 6.669154358148545e-05, -7.772001065705126e-06,
        -5.4871093417579186e-06, -3.068577076247919e-06], [-7.14580806166907e-06, -3.992292688304291e-06,
        -5.720963404150727e-06, -4.398606873306472e-06, -3.4795283854989205e-06, -5.053691480197443e-06,
        -4.835035833235232e-06, -5.4150067527452735e-06, -7.772001065705126e-06, 6.654338503569874e-05,
        -7.3298936757231255e-06, -3.1534860759955606e-06], [-8.976632869534566e-06,
        -5.410640053192803e-06, -7.312716751711281e-06, -5.093000211122689e-06, -4.09528673734151e-06,
        -6.693907385943469e-06, -6.33635551577583e-06, -6.759758811890881e-06, -5.4871093417579186e-06,
        -7.3298936757231255e-06, 8.204484937216318e-05, -7.691086181783259e-06], [-5.005088891437755e-06,
        -2.9710577842301003e-06, -3.931586041086854e-06, -2.8463439482815266e-06, -2.2753179491708388e-06,
        -3.670699793282875e-06, -3.392231509756585e-06, -3.762358586756745e-06, -3.068577076247919e-06,
        -3.1534860759955606e-06, -7.691086181783259e-06, 4.784471927425045e-05]]
    dof: 12
B^-->pi^0l^-nu::KinematicalDistribution[q2]@Belle-2013A:
    type: MultivariateGaussian(Covariance)
    dim: 6
    observables: ['B->pilnu::P(q2_min,q2_max)', 'B->pilnu::P(q2_min,q2_max)', 'B->pilnu::P(q2_min,q2_max)',
      'B->pilnu::P(q2_min,q2_max)', 'B->pilnu::P(q2_min,q2_max)', 'B->pilnu::P(q2_min,q2_max)']
    kinematics: [{q2_max: 4.0, q2_min: 0.0}, {q2_max: 8.0, q2_min: 4.0}, {q2_max: 12.0,
        q2_min: 8.0}, {q2_max: 16.0, q2_min: 12.0}, {q2_max: 20.0, q2_min: 16.0}, {
        q2_max: 24.0, q2_min: 20.0}]
    options: [{}, {}, {}, {}, {}, {}]
    means: [0.055791983362553546, 0.04841934444080555, 0.03319095147721391, 0.05703664081443317,
      0.03283051996152643, 0.015765747150899276]
    covariance: [[8.544046367849943e-05, -3.1780346299580575e-05, -6.649466685727361e-06,
        -1.562989539271387e-05, -9.747442072048112e-06, -9.621166304716656e-06], [-3.1780346299580575e-05,
        9.748030253075564e-05, -2.325498173485766e-05, -1.3911729349481293e-05, -9.703906114824903e-06,
        -8.908613101746484e-06], [-6.649466685727361e-06, -2.325498173485766e-05, 6.46924925527161e-05,
        -1.9931819581099862e-05, -4.513472072614192e-06, -4.909500106929888e-06], [
        -1.562989539271387e-05, -1.3911729349481293e-05, -1.9931819581099862e-05, 9.291486194805191e-05,
        -2.285163690900255e-05, -9.331799835247041e-06], [-9.747442072048112e-06, -9.703906114824903e-06,
        -4.513472072614192e-06, -2.285163690900255e-05, 6.849828239579728e-05, -1.527630985555895e-05],
      [-9.621166304716656e-06, -8.908613101746484e-06, -4.909500106929888e-06, -9.331799835247041e-06,
        -1.527630985555895e-05, 6.0880317997781915e-05]]
    dof: 6
# }}}
