#########
# Belle #
#########
#
# 2015
#
# {{{
B^0->D^+e^-nu::BRs@Belle-2015A:
    type: MultivariateGaussian(Covariance)
    dim: 10
    observables:
        [ B->Dlnu::BR,    B->Dlnu::BR,    B->Dlnu::BR,    B->Dlnu::BR,    B->Dlnu::BR,
          B->Dlnu::BR,    B->Dlnu::BR,    B->Dlnu::BR,    B->Dlnu::BR,    B->Dlnu::BR  ]
    options:
        [ { l: e, q: d }, { l: e, q: d }, { l: e, q: d }, { l: e, q: d }, { l: e, q: d },
          { l: e, q: d }, { l: e, q: d }, { l: e, q: d }, { l: e, q: d }, { l: e, q: d } ]
    kinematics:
        - { q2_min: 10.44, q2_max: 11.63 }
        - { q2_min:  9.26, q2_max: 10.44 }
        - { q2_min:  8.07, q2_max:  9.26 }
        - { q2_min:  6.89, q2_max:  8.07 }
        - { q2_min:  5.71, q2_max:  6.89 }
        - { q2_min:  4.52, q2_max:  5.71 }
        - { q2_min:  3.34, q2_max:  4.52 }
        - { q2_min:  2.15, q2_max:  3.34 }
        - { q2_min:  0.97, q2_max:  2.15 }
        - { q2_min:  0.01, q2_max:  0.97 }
    means:
        [ 4.154e-05, 6.106e-04, 1.255e-03, 1.635e-03, 1.901e-03, 2.758e-03, 3.524e-03, 4.216e-03, 4.371e-03, 4.050e-03 ]
    covariance:
        - [1.912e-09, 1.726e-10, 3.427e-10, 4.424e-10, 5.041e-10, 7.320e-10, 9.624e-10, 1.096e-09, 1.049e-09, 8.840e-10]
        - [1.726e-10, 1.478e-08, 1.811e-09, 2.383e-09, 2.738e-09, 3.977e-09, 5.166e-09, 5.959e-09, 5.903e-09, 5.209e-09]
        - [3.427e-10, 1.811e-09, 2.863e-08, 4.849e-09, 5.579e-09, 8.101e-09, 1.051e-08, 1.215e-08, 1.214e-08, 1.075e-08]
        - [4.424e-10, 2.383e-09, 4.849e-09, 3.786e-08, 7.398e-09, 1.071e-08, 1.387e-08, 1.602e-08, 1.603e-08, 1.425e-08]
        - [5.041e-10, 2.738e-09, 5.579e-09, 7.398e-09, 4.355e-08, 1.241e-08, 1.606e-08, 1.860e-08, 1.873e-08, 1.678e-08]
        - [7.320e-10, 3.977e-09, 8.101e-09, 1.071e-08, 1.241e-08, 6.176e-08, 2.334e-08, 2.709e-08, 2.731e-08, 2.440e-08]
        - [9.624e-10, 5.166e-09, 1.051e-08, 1.387e-08, 1.606e-08, 2.334e-08, 8.585e-08, 3.533e-08, 3.555e-08, 3.156e-08]
        - [1.096e-09, 5.959e-09, 1.215e-08, 1.602e-08, 1.860e-08, 2.709e-08, 3.533e-08, 1.022e-07, 4.194e-08, 3.744e-08]
        - [1.049e-09, 5.903e-09, 1.214e-08, 1.603e-08, 1.873e-08, 2.731e-08, 3.555e-08, 4.194e-08, 1.005e-07, 3.887e-08]
        - [8.840e-10, 5.209e-09, 1.075e-08, 1.425e-08, 1.678e-08, 2.440e-08, 3.156e-08, 3.744e-08, 3.887e-08, 8.132e-08]
    dof: 10
B^0->D^+mu^-nu::BRs@Belle-2015A:
    type: MultivariateGaussian(Covariance)
    dim: 10
    observables:
        [ B->Dlnu::BR,    B->Dlnu::BR,    B->Dlnu::BR,    B->Dlnu::BR,    B->Dlnu::BR,
          B->Dlnu::BR,    B->Dlnu::BR,    B->Dlnu::BR,    B->Dlnu::BR,    B->Dlnu::BR  ]
    options:
        [ { l: mu, q: d }, { l: mu, q: d }, { l: mu, q: d }, { l: mu, q: d }, { l: mu, q: d },
          { l: mu, q: d }, { l: mu, q: d }, { l: mu, q: d }, { l: mu, q: d }, { l: mu, q: d } ]
    kinematics:
        - { q2_min: 10.44, q2_max: 11.63 }
        - { q2_min:  9.26, q2_max: 10.44 }
        - { q2_min:  8.07, q2_max:  9.26 }
        - { q2_min:  6.89, q2_max:  8.07 }
        - { q2_min:  5.71, q2_max:  6.89 }
        - { q2_min:  4.52, q2_max:  5.71 }
        - { q2_min:  3.34, q2_max:  4.52 }
        - { q2_min:  2.15, q2_max:  3.34 }
        - { q2_min:  0.97, q2_max:  2.15 }
        - { q2_min:  0.02, q2_max:  0.97 }
    options:
        [ { l: e, q: d }, { l: e, q: d }, { l: e, q: d }, { l: e, q: d }, { l: e, q: d }, { l: e, q: d }, { l: e, q: d }, { l: e, q: d }, { l: e, q: d }, { l: e, q: d } ]
    means:
        [ 1.122e-04, 5.026e-04, 1.070e-03, 1.865e-03, 1.954e-03, 2.782e-03, 3.410e-03, 4.082e-03, 4.197e-03, 3.916e-03 ]
    covariance:
        - [4.329e-09, 1.556e-10, 3.362e-10, 5.962e-10, 6.144e-10, 8.628e-10, 1.078e-09, 1.235e-09, 1.191e-09, 1.001e-09]
        - [1.556e-10, 1.049e-08, 1.177e-09, 2.127e-09, 2.211e-09, 3.105e-09, 3.833e-09, 4.448e-09, 4.440e-09, 3.906e-09]
        - [3.362e-10, 1.177e-09, 2.336e-08, 4.710e-09, 4.901e-09, 6.883e-09, 8.489e-09, 9.872e-09, 9.933e-09, 8.775e-09]
        - [5.962e-10, 2.127e-09, 4.710e-09, 4.727e-08, 8.929e-09, 1.250e-08, 1.539e-08, 1.788e-08, 1.802e-08, 1.597e-08]
        - [6.144e-10, 2.211e-09, 4.901e-09, 8.929e-09, 4.805e-08, 1.310e-08, 1.611e-08, 1.877e-08, 1.905e-08, 1.701e-08]
        - [8.628e-10, 3.105e-09, 6.883e-09, 1.250e-08, 1.310e-08, 6.688e-08, 2.264e-08, 2.644e-08, 2.686e-08, 2.392e-08]
        - [1.078e-09, 3.833e-09, 8.489e-09, 1.539e-08, 1.611e-08, 2.264e-08, 8.545e-08, 3.278e-08, 3.323e-08, 2.941e-08]
        - [1.235e-09, 4.448e-09, 9.872e-09, 1.788e-08, 1.877e-08, 2.644e-08, 3.278e-08, 1.043e-07, 3.943e-08, 3.509e-08]
        - [1.191e-09, 4.440e-09, 9.933e-09, 1.802e-08, 1.905e-08, 2.686e-08, 3.323e-08, 3.943e-08, 1.123e-07, 3.671e-08]
        - [1.001e-09, 3.906e-09, 8.775e-09, 1.597e-08, 1.701e-08, 2.392e-08, 2.941e-08, 3.509e-08, 3.671e-08, 9.534e-08]
    dof: 10
# }}}
