# vim: set fdm=marker :

#########
# BaBar #
#########
#
# 2010
#
# {{{
B^0->pi^+lnu::BR[0.0,4.0]@BaBar-2010A:
    type: Gaussian
    observable: B->pilnu::BR
    kinematics: {s_min: 0, s_max: 4}
    options: {q: d}
    mean: 3.13e-05
    sigma-stat: {hi: 3e-06, lo: -3e-06}
    sigma-sys: {hi: 2.5e-06, lo: -2.5e-06}
    dof: 1
B^0->pi^+lnu::BR[4.0,8.0]@BaBar-2010A:
    type: Gaussian
    observable: B->pilnu::BR
    kinematics: {s_min: 4, s_max: 8}
    options: {q: d}
    mean: 3.29e-05
    sigma-stat: {hi: 1.8e-06, lo: -1.8e-06}
    sigma-sys: {hi: 1.6e-06, lo: -1.6e-06}
    dof: 1
B^0->pi^+lnu::BR[8.0,12.0]@BaBar-2010A:
    type: Gaussian
    observable: B->pilnu::BR
    kinematics: {s_min: 8, s_max: 12}
    options: {q: d}
    mean: 2.41e-05
    sigma-stat: {hi: 1.8e-06, lo: -1.8e-06}
    sigma-sys: {hi: 1.5e-06, lo: -1.5e-06}
    dof: 1
B^0->pi^+lnu::BR@BaBar-2010B:
    type: MultivariateGaussian
    dim: 6
    observables:
        -   B->pilnu::BR
        -   B->pilnu::BR
        -   B->pilnu::BR
        -   B->pilnu::BR
        -   B->pilnu::BR
        -   B->pilnu::BR
    kinematics:
        -   {s_min: 0, s_max: 2}
        -   {s_min: 2, s_max: 4}
        -   {s_min: 4, s_max: 6}
        -   {s_min: 6, s_max: 8}
        -   {s_min: 8, s_max: 10}
        -   {s_min: 10, s_max: 12}
    options:
        -   {q: d}
        -   {q: d}
        -   {q: d}
        -   {q: d}
        -   {q: d}
        -   {q: d}
    means: [1.28e-05, 1.192e-05, 1.446e-05, 1.437e-05, 1.525e-05, 1.49e-05]
    sigma-stat-hi: [0, 0, 0, 0, 0, 0]
    sigma-stat-lo: [0, 0, 0, 0, 0, 0]
    sigma-sys: [1.96e-06, 1.35e-06, 1.08e-06, 1.05e-06, 1.06e-06, 1.11e-06]
    correlations:
        -   [1, -0.2465, 0.2417, 0.1055, 0.1695, 0.1839]
        -   [-0.2465, 1, -0.2976, 0.09229999999999999, -0.0601, -0.0227]
        -   [0.2417, -0.2976, 1, -0.0192, 0.3264, 0.2382]
        -   [0.1055, 0.09229999999999999, -0.0192, 1, -0.0164, 0.2808]
        -   [0.1695, -0.0601, 0.3264, -0.0164, 1, 0.0202]
        -   [0.1839, -0.0227, 0.2382, 0.2808, 0.0202, 1]
    dof: 6
# }}}
#
# 2012
#
# {{{
B^0->pi^+lnu::BR@BaBar-2012D:
    type: MultivariateGaussian
    dim: 6
    observables:
        -   B->pilnu::BR
        -   B->pilnu::BR
        -   B->pilnu::BR
        -   B->pilnu::BR
        -   B->pilnu::BR
        -   B->pilnu::BR
    kinematics:
        -   {s_min: 0, s_max: 2}
        -   {s_min: 2, s_max: 4}
        -   {s_min: 4, s_max: 6}
        -   {s_min: 6, s_max: 8}
        -   {s_min: 8, s_max: 10}
        -   {s_min: 10, s_max: 12}
    options:
        -   {q: d}
        -   {q: d}
        -   {q: d}
        -   {q: d}
        -   {q: d}
        -   {q: d}
    means: [1.225e-05, 1.277e-05, 1.274e-05, 1.498e-05, 1.405e-05, 1.617e-05]
    sigma-stat-hi: [0, 0, 0, 0, 0, 0]
    sigma-stat-lo: [0, 0, 0, 0, 0, 0]
    sigma-sys: [1.82e-06, 1.28e-06, 1.09e-06, 1.03e-06, 1.15e-06, 1.04e-06]
    correlations:
        -   [1, -0.0759, 0.1679, 0.1432, 0.1831, 0.1471]
        -   [-0.0759, 1, -0.1473, 0.2174, 0.0718, 0.0975]
        -   [0.1679, -0.1473, 1, -0.08890000000000001, 0.225, 0.1076]
        -   [0.1432, 0.2174, -0.08890000000000001, 1, 0.0218, 0.2772]
        -   [0.1831, 0.0718, 0.225, 0.0218, 1, -0.0425]
        -   [0.1471, 0.0975, 0.1076, 0.2772, -0.0425, 1]
    dof: 6
# }}}

#########
# Belle #
#########
#
# 2010
#
# {{{
B^0->pi^+lnu::BR@Belle-2010A:
    type: MultivariateGaussian
    dim: 6
    observables:
        -   B->pilnu::BR
        -   B->pilnu::BR
        -   B->pilnu::BR
        -   B->pilnu::BR
        -   B->pilnu::BR
        -   B->pilnu::BR
    kinematics:
        -   {s_min: 0, s_max: 2}
        -   {s_min: 2, s_max: 4}
        -   {s_min: 4, s_max: 6}
        -   {s_min: 6, s_max: 8}
        -   {s_min: 8, s_max: 10}
        -   {s_min: 10, s_max: 12}
    options:
        -   {q: d}
        -   {q: d}
        -   {q: d}
        -   {q: d}
        -   {q: d}
        -   {q: d}
    means: [1.173e-05, 1.526e-05, 1.213e-05, 1.465e-05, 1.473e-05, 1.404e-05]
    sigma-stat-hi: [0, 0, 0, 0, 0, 0]
    sigma-stat-lo: [0, 0, 0, 0, 0, 0]
    sigma-sys: [2.19e-06, 1.03e-06, 1.05e-06, 1.02e-06, 1.08e-06, 1.24e-06]
    correlations:
        -   [1, -0.2638, 0.14, -0.0635, 0.167, 0.1084]
        -   [-0.2638, 1, -0.139, 0.3369, 0.0292, 0.0888]
        -   [0.14, -0.139, 1, -0.0484, 0.2842, 0.2288]
        -   [-0.0635, 0.3369, -0.0484, 1, -0.1302, 0.1859]
        -   [0.167, 0.0292, 0.2842, -0.1302, 1, 0.1476]
        -   [0.1084, 0.0888, 0.2288, 0.1859, 0.1476, 1]
    dof: 6
# }}}
#
# 2013
#
# {{{
B^0->pi^+lnu::BR@Belle-2013A:
    type: MultivariateGaussian
    dim: 6
    observables:
        -   B->pilnu::BR
        -   B->pilnu::BR
        -   B->pilnu::BR
        -   B->pilnu::BR
        -   B->pilnu::BR
        -   B->pilnu::BR
    kinematics:
        -   {s_min: 0, s_max: 2}
        -   {s_min: 2, s_max: 4}
        -   {s_min: 4, s_max: 6}
        -   {s_min: 6, s_max: 8}
        -   {s_min: 8, s_max: 10}
        -   {s_min: 10, s_max: 12}
    options:
        -   {q: d}
        -   {q: d}
        -   {q: d}
        -   {q: d}
        -   {q: d}
        -   {q: d}
    means: [1.95e-05, 1.06e-05, 1.51e-05, 9.7e-06, 7.8e-06, 1.59e-05]
    sigma-stat-hi: [0, 0, 0, 0, 0, 0]
    sigma-stat-lo: [0, 0, 0, 0, 0, 0]
    sigma-sys: [3.2e-06, 2.7e-06, 2.8e-06, 2.3e-06, 2.2e-06, 2.8e-06]
    correlations:
        -   [1, -0.145, 0.01, -0.001, 0, 0]
        -   [-0.145, 1, -0.1, 0.008, 0, 0.001]
        -   [0.01, -0.1, 1, -0.094, 0.003, -0.001]
        -   [-0.001, 0.008, -0.094, 1, -0.078, 0.005]
        -   [0, 0, 0.003, -0.078, 1, -0.097]
        -   [0, 0.001, -0.001, 0.005, -0.097, 1]
    dof: 6
# }}}
