B->pipi::F_time[sys=0.30]@FvDV:2018A:
  type: MultivariateGaussian(Covariance)
  observables: ['B->pipi::Im{F_time}(q2,k2,z)', 'B->pipi::Im{F_time}(q2,k2,z)', 'B->pipi::Im{F_time}(q2,k2,z)',
    'B->pipi::Im{F_time}(q2,k2,z)', 'B->pipi::Im{F_time}(q2,k2,z)', 'B->pipi::Im{F_time}(q2,k2,z)',
    'B->pipi::Im{F_time}(q2,k2,z)', 'B->pipi::Im{F_time}(q2,k2,z)', 'B->pipi::Im{F_time}(q2,k2,z)',
    'B->pipi::Im{F_time}(q2,k2,z)', 'B->pipi::Im{F_time}(q2,k2,z)', 'B->pipi::Im{F_time}(q2,k2,z)',
    'B->pipi::Im{F_time}(q2,k2,z)', 'B->pipi::Im{F_time}(q2,k2,z)', 'B->pipi::Im{F_time}(q2,k2,z)',
    'B->pipi::Im{F_time}(q2,k2,z)', 'B->pipi::Im{F_time}(q2,k2,z)', 'B->pipi::Im{F_time}(q2,k2,z)',
    'B->pipi::Im{F_time}(q2,k2,z)', 'B->pipi::Im{F_time}(q2,k2,z)', 'B->pipi::Im{F_time}(q2,k2,z)',
    'B->pipi::Im{F_time}(q2,k2,z)', 'B->pipi::Im{F_time}(q2,k2,z)', 'B->pipi::Im{F_time}(q2,k2,z)',
    'B->pipi::Im{F_time}(q2,k2,z)', 'B->pipi::Im{F_time}(q2,k2,z)', 'B->pipi::Im{F_time}(q2,k2,z)',
    'B->pipi::Im{F_time}(q2,k2,z)', 'B->pipi::Im{F_time}(q2,k2,z)', 'B->pipi::Im{F_time}(q2,k2,z)',
    'B->pipi::Im{F_time}(q2,k2,z)', 'B->pipi::Im{F_time}(q2,k2,z)', 'B->pipi::Im{F_time}(q2,k2,z)',
    'B->pipi::Im{F_time}(q2,k2,z)', 'B->pipi::Im{Res{F_time}}(q2,k2)', 'B->pipi::Im{Res{F_time}}(q2,k2)',
    'B->pipi::Im{Res{F_time}}(q2,k2)', 'B->pipi::Im{Res{F_time}}(q2,k2)', 'B->pipi::Im{Res{F_time}}(q2,k2)',
    'B->pipi::Im{Res{F_time}}(q2,k2)', 'B->pipi::Im{Res{F_time}}(q2,k2)']
  kinematics:
  - {k2: 25.0, q2: 0.05, z: -1.0}
  - {k2: 25.0, q2: 0.05, z: -0.5}
  - {k2: 25.0, q2: 0.05, z: 0.0}
  - {k2: 25.0, q2: 0.05, z: 0.5}
  - {k2: 25.0, q2: 0.05, z: 1.0}
  - {k2: 19.0, q2: 0.05, z: -1.0}
  - {k2: 19.0, q2: 0.05, z: -0.5}
  - {k2: 19.0, q2: 0.05, z: 0.0}
  - {k2: 19.0, q2: 0.05, z: 0.5}
  - {k2: 19.0, q2: 0.05, z: 1.0}
  - {k2: 19.0, q2: 0.6, z: -1.0}
  - {k2: 19.0, q2: 0.6, z: -0.5}
  - {k2: 19.0, q2: 0.6, z: 0.0}
  - {k2: 19.0, q2: 0.6, z: 0.5}
  - {k2: 19.0, q2: 0.6, z: 1.0}
  - {k2: 16.0, q2: 0.05, z: -1.0}
  - {k2: 16.0, q2: 0.05, z: -0.5}
  - {k2: 16.0, q2: 0.05, z: 0.0}
  - {k2: 16.0, q2: 0.05, z: 0.5}
  - {k2: 16.0, q2: 0.05, z: 1.0}
  - {k2: 16.0, q2: 1.5, z: -1.0}
  - {k2: 16.0, q2: 1.5, z: -0.5}
  - {k2: 16.0, q2: 1.5, z: 0.0}
  - {k2: 16.0, q2: 1.5, z: 0.5}
  - {k2: 16.0, q2: 1.5, z: 1.0}
  - {k2: 7.0, q2: 0.05, z: -0.33}
  - {k2: 7.0, q2: 0.05, z: 0.0}
  - {k2: 7.0, q2: 0.05, z: 0.33}
  - {k2: 7.0, q2: 1.5, z: -0.33}
  - {k2: 7.0, q2: 1.5, z: 0.0}
  - {k2: 7.0, q2: 1.5, z: 0.33}
  - {k2: 7.0, q2: 6.0, z: -0.33}
  - {k2: 7.0, q2: 6.0, z: 0.0}
  - {k2: 7.0, q2: 6.0, z: 0.33}
  - {k2: 13.0, q2: 0.05}
  - {k2: 13.0, q2: 1.5}
  - {k2: 10.0, q2: 0.05}
  - {k2: 10.0, q2: 1.5}
  - {k2: 7.0, q2: 0.05}
  - {k2: 7.0, q2: 1.5}
  - {k2: 7.0, q2: 6.0}
  options:
  - {form-factors: 'FvDV2018'}
  - {form-factors: 'FvDV2018'}
  - {form-factors: 'FvDV2018'}
  - {form-factors: 'FvDV2018'}
  - {form-factors: 'FvDV2018'}
  - {form-factors: 'FvDV2018'}
  - {form-factors: 'FvDV2018'}
  - {form-factors: 'FvDV2018'}
  - {form-factors: 'FvDV2018'}
  - {form-factors: 'FvDV2018'}
  - {form-factors: 'FvDV2018'}
  - {form-factors: 'FvDV2018'}
  - {form-factors: 'FvDV2018'}
  - {form-factors: 'FvDV2018'}
  - {form-factors: 'FvDV2018'}
  - {form-factors: 'FvDV2018'}
  - {form-factors: 'FvDV2018'}
  - {form-factors: 'FvDV2018'}
  - {form-factors: 'FvDV2018'}
  - {form-factors: 'FvDV2018'}
  - {form-factors: 'FvDV2018'}
  - {form-factors: 'FvDV2018'}
  - {form-factors: 'FvDV2018'}
  - {form-factors: 'FvDV2018'}
  - {form-factors: 'FvDV2018'}
  - {form-factors: 'FvDV2018'}
  - {form-factors: 'FvDV2018'}
  - {form-factors: 'FvDV2018'}
  - {form-factors: 'FvDV2018'}
  - {form-factors: 'FvDV2018'}
  - {form-factors: 'FvDV2018'}
  - {form-factors: 'FvDV2018'}
  - {form-factors: 'FvDV2018'}
  - {form-factors: 'FvDV2018'}
  - {form-factors: 'FvDV2018'}
  - {form-factors: 'FvDV2018'}
  - {form-factors: 'FvDV2018'}
  - {form-factors: 'FvDV2018'}
  - {form-factors: 'FvDV2018'}
  - {form-factors: 'FvDV2018'}
  - {form-factors: 'FvDV2018'}
  means: [0.06045216098808419, 0.05653263580094179, 0.052167674821160415, 0.047318703302131754,
    0.04194349723199096, 0.27001449797745547, 0.276382087783201, 0.2738828378351992,
    0.2563807846952782, 0.21340655080321788, 0.0730480003333563, 0.0726110333482245,
    0.0710703316168695, 0.06806023278865707, 0.06308934423235073, 0.43036627044735576,
    0.46820651522902096, 0.49493206715601934, 0.49375931593800726, 0.4267004687091585,
    0.07415769711283553, 0.07457767140739148, 0.07453337776906464, 0.0739007535726992,
    0.07252303252776975, 2.5237042410069455, 3.074386853530385, 3.7709182353740256,
    0.45643050588788353, 0.5437950707067377, 0.6490261737749082, 0.2119875818301523,
    0.22597256900828933, 0.23973230335024498, 2896.8202523457944, 568.9725155520174,
    2240.268334608209, 439.8991668829723, 1583.7164168705035, 310.8258182139094, 199.14750356035114]
  covariance:
  - [0.00039631744391003767, 6.17932111495052e-05, 5.5603018432649425e-05, 4.8798731311773437e-05,
    4.132976388711408e-05, 0.0003071292941003772, 0.00030507554570978826, 0.0002899037365045738,
    0.0002537430011914089, 0.00018358853771064667, 8.057806824886782e-05, 7.827536973559741e-05,
    7.441643184194431e-05, 6.854042353186216e-05, 6.0038522036154475e-05, 0.0004898782495476755,
    0.0005160946681782458, 0.0005213513095760213, 0.0004825939625930076, 0.0003508752323681956,
    7.917259198581149e-05, 7.825469606376426e-05, 7.66397493066741e-05, 7.416720715996222e-05,
    7.063744387936794e-05, 0.002718922639421567, 0.0031787452524118863, 0.0036715477367693134,
    0.0004849204158329743, 0.0005545067379152033, 0.0006240155214703503, 0.00020910512223419047,
    0.00021655044875481982, 0.00022172339633111065, 0.709032175444451, 0.13746884322961275,
    0.5483330660852223, 0.10628356898821598, 0.38763395672599477, 0.07509829474681926,
    0.04566580710935654]
  - [6.17932111495052e-05, 0.00034429722673638816, 5.101332258974468e-05, 4.480257893186801e-05,
    3.798423572081364e-05, 0.00028140360137643986, 0.000279671873680144, 0.00026597009867040787,
    0.00023310719402242698, 0.0001692000302859988, 7.386895735734502e-05, 7.178856171082291e-05,
    6.828747978412128e-05, 6.294462124153544e-05, 5.520363055396198e-05, 0.0004488391646763266,
    0.00047311589356608725, 0.0004783098782056811, 0.00044337479511939764, 0.000323612338280066,
    7.261981058579676e-05, 7.180044377234089e-05, 7.034523214077694e-05, 6.810754256906816e-05,
    6.49050337398782e-05, 0.0024930410513740093, 0.002916225263730332, 0.0033710623659575748,
    0.00044472195060516585, 0.0005088195774470104, 0.0005730753980515368, 0.00019198837771975384,
    0.0001989149024795009, 0.00020378646070779048, 0.6592128177854607, 0.1278391849811733,
    0.5098050527148477, 0.09883843143750931, 0.36039728764423207, 0.06983767789384586,
    0.04250108203056396]
  - [5.5603018432649425e-05, 5.101332258974468e-05, 0.0002908903813140911, 4.040024315161774e-05,
    3.429731905327957e-05, 0.0002530847134684526, 0.00025169742218471124, 0.00023960234507281234,
    0.00021035709472635902, 0.0001533143712209979, 6.648086097960573e-05, 6.464348619213745e-05,
    6.15345402169828e-05, 5.677670962664554e-05, 4.987144617211828e-05, 0.00040366360620594543,
    0.000425784444369517, 0.0004308830997409081, 0.0004001236137605668, 0.0002934882297889488,
    6.540070031805113e-05, 6.468849716987e-05, 6.340775788573393e-05, 6.142717164856166e-05,
    5.858343771496739e-05, 0.0022441602916199077, 0.002626800653242916, 0.0030395118746772342,
    0.00040042170442252387, 0.0004584413275430991, 0.0005168609991379841, 0.0001731071961209108,
    0.00017945432687703405, 0.00018398449565346285, 0.6044320844512776, 0.11724264613860354,
    0.46744013824153474, 0.09064575344116224, 0.33044819203179326, 0.06404886074372085,
    0.03900957820001397]
  - [4.8798731311773437e-05, 4.480257893186801e-05, 4.040024315161774e-05, 0.000237073856225696,
    3.0241061966832535e-05, 0.0002219607825157574, 0.00022094172414399463, 0.00021060066206589023,
    0.00018531852315127, 0.0001358075123495207, 5.835818843419239e-05, 5.678617223712588e-05,
    5.410636892051978e-05, 4.99896133533497e-05, 4.4000949679163284e-05, 0.0003540136624507996,
    0.0003737436795036025, 0.0003787102276500266, 0.0003525068657015595, 0.00026026379348903777,
    5.746052599713296e-05, 5.686476070792918e-05, 5.577436730459982e-05, 5.407488528543044e-05,
    5.162395688523282e-05, 0.0019703857013076828, 0.0023082406128908995, 0.002674296390461793,
    0.0003516811164003318, 0.000402982351072413, 0.00045493038795227706, 0.00015231458219993032,
    0.0001580161101109004, 0.00016216084689036733, 0.5443214843783588, 0.10560687301556304,
    0.4209533485249138, 0.08164959499245639, 0.29758521267146687, 0.057692316969349865,
    0.03516612563863825]
  - [4.132976388711408e-05, 3.798423572081364e-05, 3.429731905327957e-05, 3.0241061966832535e-05,
    0.00018411811403101913, 0.00018780082767538663, 0.00018717527558814132, 0.00017874712691303725,
    0.00015780147175753728, 0.0001165440910501029, 4.944032060982799e-05, 4.8157761987436846e-05,
    4.594707612448742e-05, 4.253198351060986e-05, 3.754739186920367e-05, 0.000299520904002295,
    0.0003166046760998895, 0.00032139775633361814, 0.0003001605652436344, 0.0002236779242096877,
    4.8739588031355205e-05, 4.827022734377377e-05, 4.738728724085256e-05, 4.599481343292011e-05,
    4.3973453260457075e-05, 0.0016696502781249614, 0.0019581101557707425, 0.0022725758806314274,
    0.0002981307737079202, 0.0003420172896471675, 0.00038680075862753435, 0.0001294500269338849,
    0.0001344335591864199, 0.0001381443431118147, 0.4784830056917373, 0.09285367161913721,
    0.37003687937879576, 0.07178950067149338, 0.26159075306585394, 0.050725329723849785,
    0.030943458891665547]
  - [0.0003071292941003772, 0.00028140360137643986, 0.0002530847134684526, 0.0002219607825157574,
    0.00018780082767538663, 0.007961443472672657, 0.0013896571734578786, 0.0013195539796389722,
    0.0011534593804640454, 0.0008319483408029635, 0.0003670400716150503, 0.00035640405775558097,
    0.00033865055088330026, 0.00031167383471754947, 0.00027269212562603697, 0.0022326444428007867,
    0.0023508921906590847, 0.0023730340210719497, 0.002193631903835775, 0.0015888908521798132,
    0.00036044896276825854, 0.00035616164929216427, 0.00034868400669766736, 0.00033728212438506724,
    0.00032104349912289755, 0.012382517245350829, 0.014469157905131036, 0.01669925393890301,
    0.002208004593537537, 0.0025235148666806315, 0.002837577300249715, 0.0009510833869147357,
    0.000984513361396907, 0.0010074574216724305, 3.185241764213009, 0.6174196989602523,
    2.4633203446638956, 0.4773559420989579, 1.7413989251147963, 0.3372921852376608,
    0.20493673576641674]
  - [0.00030507554570978826, 0.000279671873680144, 0.00025169742218471124, 0.00022094172414399463,
    0.00018717527558814132, 0.0013896571734578786, 0.008255838028612439, 0.001313060951533061,
    0.0011501510595415616, 0.0008332719846646299, 0.000364760991033586, 0.0003544446667601834,
    0.000337088895612071, 0.00031060391273098385, 0.0002722276567880363, 0.0022165151641181068,
    0.002336545084795674, 0.002362104585380993, 0.002188764711334408, 0.0015945023463053978,
    0.00035861969653610686, 0.00035454951084622823, 0.0003473276921895627, 0.0003362262825657586,
    0.000320339786478982, 0.012320079676631249, 0.014417766812202713, 0.01667486708558699,
    0.00219796739311879, 0.002515722111536412, 0.002834579234291662, 0.0009491425736715281,
    0.0009834707681661255, 0.0010076109657896333, 3.1847861791760597, 0.6181058840405047,
    2.4629680160266187, 0.47788646376191835, 1.7411498528771496, 0.3376670434833317,
    0.20607804889094722]
  - [0.0002899037365045738, 0.00026597009867040787, 0.00023960234507281234, 0.00021060066206589023,
    0.00017874712691303725, 0.0013195539796389722, 0.001313060951533061, 0.008001777891786873,
    0.0010987168264301103, 0.0008011066234156041, 0.00034682450003648913, 0.00033734664755178794,
    0.0003212258218183632, 0.00029648114743267726, 0.00026049275609072207, 0.0021046367346667667,
    0.002221885013522292, 0.002250742292245107, 0.0020925052263176614, 0.0015368442019463673,
    0.00034149857432088585, 0.00033787797187386957, 0.0003312885083007554, 0.00032104072197908137,
    0.00030627649312726967, 0.011730576082501581, 0.01375478612938525, 0.01595294612610865,
    0.0020941671531106015, 0.002401553616622221, 0.0027133950654221954, 0.0009073948200741943,
    0.0009414780580805831, 0.0009661999265734861, 3.0669855287184955, 0.5960606713586354,
    2.3718663790497896, 0.46084228249227605, 1.6767472293810783, 0.3256238936259199,
    0.19972667950804535]
  - [0.0002537430011914089, 0.00023310719402242698, 0.00021035709472635902, 0.00018531852315127,
    0.00015780147175753728, 0.0011534593804640454, 0.0011501510595415616, 0.0010987168264301103,
    0.006885600778949092, 0.000714718898231401, 0.0003038066239814705, 0.00029597150722740083,
    0.00028239784284501545, 0.0002613635430494155, 0.00023058892494746912, 0.001839632793392972,
    0.0019464619918450644, 0.0019779611234443835, 0.001848716641245806, 0.0013761220781285067,
    0.0002998246096722743, 0.00029700324190524595, 0.00029162511980719287, 0.000283091746759433,
    0.00027065759170275986, 0.010293487447387804, 0.012103992562367326, 0.014097095937681289,
    0.0018393853796864292, 0.0021153616831370357, 0.002399907753507236, 0.0008011268559869055,
    0.0008329331668774432, 0.0008570150370205186, 2.7697310583615797, 0.5391122732443678,
    2.1419833627590563, 0.41681282201564857, 1.5142356671565305, 0.29451337078693,
    0.18168372455831763]
  - [0.00018358853771064667, 0.0001692000302859988, 0.0001533143712209979, 0.0001358075123495207,
    0.0001165440910501029, 0.0008319483408029635, 0.0008332719846646299, 0.0008011066234156041,
    0.000714718898231401, 0.0046384402329187925, 0.00022012357980528405, 0.0002151978745580492,
    0.00020625865220815545, 0.00019208739957385783, 0.00017106871218335262, 0.0013267145244168115,
    0.0014102768116008998, 0.001442679299826494, 0.0013640817631881388, 0.0010458277470159867,
    0.00021825914256329702, 0.00021677110258611654, 0.00021350813702353502, 0.00020804837226909637,
    0.00019986554577077002, 0.007477116085788505, 0.008839029234172393, 0.0103768049000822,
    0.0013386044908247552, 0.001547744810114047, 0.001769961521302117, 0.0005890836816915083,
    0.0006150038170904444, 0.0006360920583798467, 2.1965633320540205, 0.42828508455505543,
    1.698721649635373, 0.3311271577000184, 1.2008799672167272, 0.23396923084498278,
    0.14529723703567196]
  - [8.057806824886782e-05, 7.386895735734502e-05, 6.648086097960573e-05, 5.835818843419239e-05,
    4.944032060982799e-05, 0.0003670400716150503, 0.000364760991033586, 0.00034682450003648913,
    0.0003038066239814705, 0.00022012357980528405, 0.0005765845255790125, 9.362004719513009e-05,
    8.903737405757549e-05, 8.204361933563075e-05, 7.190924850088504e-05, 0.0005854318286317379,
    0.0006171482661328735, 0.00062391868098468, 0.0005781624057324291, 0.0004212381870992964,
    9.472385751445152e-05, 9.36498412620412e-05, 9.174350109323268e-05, 8.881256915257696e-05,
    8.46178834344018e-05, 0.0032541713226181537, 0.0038083829624432795, 0.004404815874425492,
    0.0005805680102776616, 0.0006645227921082602, 0.0007487860880102665, 0.00025072004203347735,
    0.00025979411681406817, 0.00026617880377571, 0.8413612335396387, 0.16329553599424887,
    0.6506703092604296, 0.12625138873339845, 0.459979384981218, 0.0892072414725482,
    0.05444728573441772]
  - [7.827536973559741e-05, 7.178856171082291e-05, 6.464348619213745e-05, 5.678617223712588e-05,
    4.8157761987436846e-05, 0.00035640405775558097, 0.0003544446667601834, 0.00033734664755178794,
    0.00029597150722740083, 0.0002151978745580492, 9.362004719513009e-05, 0.0005655347866882941,
    8.662517414428945e-05, 7.989357662672036e-05, 7.011948146782737e-05, 0.0005684579794086062,
    0.0005997355526822293, 0.0006069814732917643, 0.0005634823929334506, 0.0004123736306108905,
    9.212119497708394e-05, 9.111410959696176e-05, 8.930231285257739e-05, 8.649938127066451e-05,
    8.247335113525055e-05, 0.003164528139595241, 0.003707358312447948, 0.004294431252603486,
    0.0005647737294314994, 0.000647114427828582, 0.0007302451338535162, 0.0002443452695904547,
    0.00025337171362685407, 0.00025983203188445085, 0.8235894510588162, 0.1599654887246759,
    0.6369264252520581, 0.12367677400329169, 0.4502633994453058, 0.08738805928190799,
    0.05348138101784441]
  - [7.441643184194431e-05, 6.828747978412128e-05, 6.15345402169828e-05, 5.410636892051978e-05,
    4.594707612448742e-05, 0.00033865055088330026, 0.000337088895612071, 0.0003212258218183632,
    0.00028239784284501545, 0.00020625865220815545, 8.903737405757549e-05, 8.662517414428945e-05,
    0.0005371007084541586, 7.618832767842555e-05, 6.698420613348976e-05, 0.0005401302491592108,
    0.0005704080893008936, 0.0005780879424032272, 0.0005378835951929498, 0.0003958910574685452,
    8.769950338552891e-05, 8.678558263081687e-05, 8.511156780084522e-05, 8.250075798667408e-05,
    7.873320549736991e-05, 0.00301212374969251, 0.0035332653815510055, 0.00410029627970197,
    0.0005378031639011045, 0.0006169849851468965, 0.000697503518481107, 0.00023320140041941474,
    0.00024203292427330857, 0.0002484821641493989, 0.7922784943092586, 0.1540051387707674,
    0.6127119629030385, 0.11906854969124164, 0.43314543149681434, 0.08413196061171625,
    0.05163831090935635]
  - [6.854042353186216e-05, 6.294462124153544e-05, 5.677670962664554e-05, 4.99896133533497e-05,
    4.253198351060986e-05, 0.00031167383471754947, 0.00031060391273098385, 0.00029648114743267726,
    0.0002613635430494155, 0.00019208739957385783, 8.204361933563075e-05, 7.989357662672036e-05,
    7.618832767842555e-05, 0.0004873596893164548, 6.209856349127305e-05, 0.0004970897921400442,
    0.0005256248781059899, 0.0005336624080249064, 0.0004980698895000615, 0.0003694468911825044,
    8.091597790916403e-05, 8.012815545833052e-05, 7.864684088039647e-05, 7.63101033071898e-05,
    7.291628798041892e-05, 0.002778162123340136, 0.0032640083476008328, 0.0037967226266489317,
    0.000496299379844357, 0.0005702772924784961, 0.0006461969598614665, 0.00021583524351453552,
    0.000224270870861179, 0.00023058480337438268, 0.7438598085227657, 0.14471415228127554,
    0.5752671651172625, 0.1118852550600708, 0.40667452171175855, 0.07905635783886646,
    0.04867503123166673]
  - [6.0038522036154475e-05, 5.520363055396198e-05, 4.987144617211828e-05, 4.4000949679163284e-05,
    3.754739186920367e-05, 0.00027269212562603697, 0.0002722276567880363, 0.00026049275609072207,
    0.00023058892494746912, 0.00017106871218335262, 7.190924850088504e-05, 7.011948146782737e-05,
    6.698420613348976e-05, 6.209856349127305e-05, 0.0004131503275228949, 0.00043489939574262556,
    0.00046070473828204296, 0.0004689729092188854, 0.0004396724185168543, 0.0003299259091435428,
    7.105256319829977e-05, 7.043239298774211e-05, 6.921388438779687e-05, 6.725647571361044e-05,
    6.438502045644661e-05, 0.0024377574876445316, 0.002870275511760469, 0.003349532295359295,
    0.0004358153031001455, 0.0005018718160594153, 0.0005705166695487958, 0.0001903162386643381,
    0.00019808130976777994, 0.00020408287707307358, 0.6737765058702563, 0.1311963678939033,
    0.5210679431979729, 0.10143402599790903, 0.36835938052569267, 0.07167168410191495,
    0.044277789396891434]
  - [0.0004898782495476755, 0.0004488391646763266, 0.00040366360620594543, 0.0003540136624507996,
    0.000299520904002295, 0.0022326444428007867, 0.0022165151641181068, 0.0021046367346667667,
    0.001839632793392972, 0.0013267145244168115, 0.0005854318286317379, 0.0005684579794086062,
    0.0005401302491592108, 0.0004970897921400442, 0.00043489939574262556, 0.020230528358619555,
    0.003749686392910881, 0.0037848778490413067, 0.0034985492983073962, 0.0025337185130220566,
    0.0005749049384652907, 0.0005680597465278238, 0.0005561251778384979, 0.0005379305489458484,
    0.0005120203079671781, 0.019749811061128584, 0.023077275798086855, 0.026633014198704216,
    0.0035216778002610037, 0.004024787511340732, 0.004525505033602713, 0.0015168602077394139,
    0.0015701446362882006, 0.0016066955725284153, 5.07900856356602, 0.9844807220631113,
    3.9278730003860645, 0.7611479247424396, 2.7767374372061164, 0.5378151274217671,
    0.32674759274086995]
  - [0.0005160946681782458, 0.00047311589356608725, 0.000425784444369517, 0.0003737436795036025,
    0.0003166046760998895, 0.0023508921906590847, 0.002336545084795674, 0.002221885013522292,
    0.0019464619918450644, 0.0014102768116008998, 0.0006171482661328735, 0.0005997355526822293,
    0.0005704080893008936, 0.0005256248781059899, 0.00046070473828204296, 0.003749686392910881,
    0.02368307174482906, 0.003997651597056505, 0.003705231195752805, 0.002699944727563056,
    0.0006068815081558752, 0.0006000320377167749, 0.0005878486759786601, 0.0005690978946490939,
    0.0005422450498712911, 0.020854071298936253, 0.024414506998751143, 0.028251417640804355,
    0.0037209195049139185, 0.00426043001429161, 0.004802738670577096, 0.0016076155892845287,
    0.0016660814226642062, 0.0017073539568192792, 5.3520967221689855, 1.0392201431314996,
    4.139066896099555, 0.8034695221227269, 2.926037070030154, 0.5677189011139475,
    0.3470602495747226]
  - [0.0005213513095760213, 0.0004783098782056811, 0.0004308830997409081, 0.0003787102276500266,
    0.00032139775633361814, 0.0023730340210719497, 0.002362104585380993, 0.002250742292245107,
    0.0019779611234443835, 0.001442679299826494, 0.00062391868098468, 0.0006069814732917643,
    0.0005780879424032272, 0.0005336624080249064, 0.0004689729092188854, 0.0037848778490413067,
    0.003997651597056505, 0.02609812706098514, 0.0037697567175811026, 0.0027712105681897067,
    0.0006146555585842851, 0.0006082443358873485, 0.0005964913726819271, 0.0005781520522960901,
    0.0005516765128823668, 0.02112607171605541, 0.024797283730172103, 0.028801014308486566,
    0.003772637018400781, 0.0043306526775856655, 0.004899429262812479, 0.0016369251719008267,
    0.0016993198367278124, 0.0017450233841287154, 5.42922655694314, 1.056296591972595,
    4.1987155837798475, 0.8166721205140184, 2.968204610616561, 0.5770476490554404,
    0.35537782910787813]
  - [0.0004825939625930076, 0.00044337479511939764, 0.0004001236137605668, 0.0003525068657015595,
    0.0003001605652436344, 0.002193631903835775, 0.002188764711334408, 0.0020925052263176614,
    0.001848716641245806, 0.0013640817631881388, 0.0005781624057324291, 0.0005634823929334506,
    0.0005378835951929498, 0.0004980698895000615, 0.0004396724185168543, 0.0034985492983073962,
    0.003705231195752805, 0.0037697567175811026, 0.02547092755325285, 0.002633249381807876,
    0.0005711794536544032, 0.0005660183443030496, 0.000555996837549399, 0.0005399693703990879,
    0.0005165074195749237, 0.01963018566163966, 0.023131325214699783, 0.02701958174804985,
    0.0035099896527531565, 0.004044725016470808, 0.0046014031150600895, 0.0015331554790072614,
    0.001595834529215859, 0.0016441576920626219, 5.126843533756527, 0.9998262598819905,
    3.96486637921857, 0.7730122751589915, 2.802889224680632, 0.5461982904359914, 0.33945632276322485]
  - [0.0003508752323681956, 0.000323612338280066, 0.0002934882297889488, 0.00026026379348903777,
    0.0002236779242096877, 0.0015888908521798132, 0.0015945023463053978, 0.0015368442019463673,
    0.0013761220781285067, 0.0010458277470159867, 0.0004212381870992964, 0.0004123736306108905,
    0.0003958910574685452, 0.0003694468911825044, 0.0003299259091435428, 0.0025337185130220566,
    0.002699944727563056, 0.0027712105681897067, 0.002633249381807876, 0.01842481170835634,
    0.0004187819478396959, 0.00041640392388259584, 0.0004106683884673283, 0.0004007645367858612,
    0.00038567858369018964, 0.014366301160339615, 0.017062540446852938, 0.020165411906325984,
    0.002575658575176811, 0.0029916158988743426, 0.0034428571953651907, 0.0011414529850930892,
    0.0011949740595769117, 0.0012400222120682348, 4.092793199478669, 0.8005277827980812,
    3.1651791295876275, 0.6189253348694453, 2.23756505969658, 0.43732288694081184,
    0.2750070816976427]
  - [7.917259198581149e-05, 7.261981058579676e-05, 6.540070031805113e-05, 5.746052599713296e-05,
    4.8739588031355205e-05, 0.00036044896276825854, 0.00035861969653610686, 0.00034149857432088585,
    0.0002998246096722743, 0.00021825914256329702, 9.472385751445152e-05, 9.212119497708394e-05,
    8.769950338552891e-05, 8.091597790916403e-05, 7.105256319829977e-05, 0.0005749049384652907,
    0.0006068815081558752, 0.0006146555585842851, 0.0005711794536544032, 0.0004187819478396959,
    0.000588205744894622, 9.226524428899685e-05, 9.045430915863535e-05, 8.764119623379538e-05,
    8.359065786078114e-05, 0.003205047395519602, 0.0037586919337398504, 0.00436008297411997,
    0.0005721868033767427, 0.0006562544071111457, 0.0007415498805010049, 0.0002479195892739575,
    0.00025722652224820534, 0.00026396592775712667, 0.8255100481175695, 0.16049577619777974,
    0.6384117272036648, 0.12408676396106774, 0.45131340628976707, 0.08767775172435649,
    0.053853690044343434]
  - [7.825469606376426e-05, 7.180044377234089e-05, 6.468849716987e-05, 5.686476070792918e-05,
    4.827022734377377e-05, 0.00035616164929216427, 0.00035454951084622823, 0.00033787797187386957,
    0.00029700324190524595, 0.00021677110258611654, 9.36498412620412e-05, 9.111410959696176e-05,
    8.678558263081687e-05, 8.012815545833052e-05, 7.043239298774211e-05, 0.0005680597465278238,
    0.0006000320377167749, 0.0006082443358873485, 0.0005660183443030496, 0.00041640392388259584,
    9.226524428899685e-05, 0.0005918720461633464, 8.954877055868865e-05, 8.680268205434444e-05,
    8.283682636073069e-05, 0.003170763934159205, 0.0037217997433330588, 0.004322859820262994,
    0.0005662321470314976, 0.0006499959322668331, 0.0007353998945658699, 0.0002457110440220488,
    0.0002550884572855034, 0.0002619666380259392, 0.8192623935217559, 0.1593776523943153,
    0.6335800767948362, 0.12322229034209423, 0.4478977600679125, 0.08706692828987288,
    0.053600271675732385]
  - [7.66397493066741e-05, 7.034523214077694e-05, 6.340775788573393e-05, 5.577436730459982e-05,
    4.738728724085256e-05, 0.00034868400669766736, 0.0003473276921895627, 0.0003312885083007554,
    0.00029162511980719287, 0.00021350813702353502, 9.174350109323268e-05, 8.930231285257739e-05,
    8.511156780084522e-05, 7.864684088039647e-05, 6.921388438779687e-05, 0.0005561251778384979,
    0.0005878486759786601, 0.0005964913726819271, 0.000555996837549399, 0.0004106683884673283,
    9.045430915863535e-05, 8.954877055868865e-05, 0.0005878326336495297, 8.521286411952887e-05,
    8.137278784082843e-05, 0.003108418237982609, 0.003652309347181453, 0.004248407013144329,
    0.0005552838025952593, 0.0006380664212492283, 0.00072294174976619, 0.00024138016686969758,
    0.00025076627422438303, 0.0002577496045667413, 0.8070474675331855, 0.15710131025525714,
    0.624133611526711, 0.12146234415288186, 0.4412197555202371, 0.08582337805050619,
    0.05296243900705326]
  - [7.416720715996222e-05, 6.810754256906816e-05, 6.142717164856166e-05, 5.407488528543044e-05,
    4.599481343292011e-05, 0.00033728212438506724, 0.0003362262825657586, 0.00032104072197908137,
    0.000283091746759433, 0.00020804837226909637, 8.881256915257696e-05, 8.649938127066451e-05,
    8.250075798667408e-05, 7.63101033071898e-05, 6.725647571361044e-05, 0.0005379305489458484,
    0.0005690978946490939, 0.0005781520522960901, 0.0005399693703990879, 0.0004007645367858612,
    8.764119623379538e-05, 8.680268205434444e-05, 8.521286411952887e-05, 0.0005742145135484349,
    7.903134659094927e-05, 0.0030114633079590908, 0.0035425280857029817, 0.004127788143879203,
    0.0005381727019450074, 0.0006191232819725286, 0.0007026575762814135, 0.00023442145203489257,
    0.00024373603745888505, 0.00025077817870646434, 0.7876540530399688, 0.15342898321086768,
    0.6091356314642965, 0.11862309697803108, 0.43061720988862184, 0.08381721074519421,
    0.05185760431782225]
  - [7.063744387936794e-05, 6.49050337398782e-05, 5.858343771496739e-05, 5.162395688523282e-05,
    4.3973453260457075e-05, 0.00032104349912289755, 0.000320339786478982, 0.00030627649312726967,
    0.00027065759170275986, 0.00019986554577077002, 8.46178834344018e-05, 8.247335113525055e-05,
    7.873320549736991e-05, 7.291628798041892e-05, 6.438502045644661e-05, 0.0005120203079671781,
    0.0005422450498712911, 0.0005516765128823668, 0.0005165074195749237, 0.00038567858369018964,
    8.359065786078114e-05, 8.283682636073069e-05, 8.137278784082843e-05, 7.903134659094927e-05,
    0.0005489671779453045, 0.0028717435037510174, 0.003382857039891247, 0.003949823789073333,
    0.0005134418137244397, 0.0005914904486270448, 0.0006726478936146129, 0.00022420332112976944,
    0.00023334246690441432, 0.00024038034035732766, 0.7596183045564998, 0.14807280099737527,
    0.5874540654390331, 0.11448198290136512, 0.41528982632156586, 0.08089116480535469,
    0.05018501707328887]
  - [0.002718922639421567, 0.0024930410513740093, 0.0022441602916199077, 0.0019703857013076828,
    0.0016696502781249614, 0.012382517245350829, 0.012320079676631249, 0.011730576082501581,
    0.010293487447387804, 0.007477116085788505, 0.0032541713226181537, 0.003164528139595241,
    0.00301212374969251, 0.002778162123340136, 0.0024377574876445316, 0.019749811061128584,
    0.020854071298936253, 0.02112607171605541, 0.01963018566163966, 0.014366301160339615,
    0.003205047395519602, 0.003170763934159205, 0.003108418237982609, 0.0030114633079590908,
    0.0028717435037510174, 0.6834919407909978, 0.12947025257889128, 0.15040980826837544,
    0.019692989101368526, 0.02260990118857181, 0.025582371154804277, 0.008542559593910815,
    0.008867145157310498, 0.009103663189438605, 27.301050004183786, 5.316154377319551,
    21.11338381330326, 4.110166691154172, 14.92571762242279, 2.9041790049887934, 1.794379998088436]
  - [0.0031787452524118863, 0.002916225263730332, 0.002626800653242916, 0.0023082406128908995,
    0.0019581101557707425, 0.014469157905131036, 0.014417766812202713, 0.01375478612938525,
    0.012103992562367326, 0.008839029234172393, 0.0038083829624432795, 0.003707358312447948,
    0.0035332653815510055, 0.0032640083476008328, 0.002870275511760469, 0.023077275798086855,
    0.024414506998751143, 0.024797283730172103, 0.023131325214699783, 0.017062540446852938,
    0.0037586919337398504, 0.0037217997433330588, 0.003652309347181453, 0.0035425280857029817,
    0.003382857039891247, 0.12947025257889128, 1.0032310280562824, 0.1781738953376068,
    0.023147039198244436, 0.02667019226606395, 0.030327654710324354, 0.010096292923545282,
    0.010502962186075732, 0.010811667887091076, 31.084139437042765, 6.0715284128795455,
    24.03905221007797, 4.694181559790632, 16.99396498311298, 3.316834706701713, 2.0742585729541108]
  - [0.0036715477367693134, 0.0033710623659575748, 0.0030395118746772342, 0.002674296390461793,
    0.0022725758806314274, 0.01669925393890301, 0.01667486708558699, 0.01595294612610865,
    0.014097095937681289, 0.0103768049000822, 0.004404815874425492, 0.004294431252603486,
    0.00410029627970197, 0.0037967226266489317, 0.003349532295359295, 0.026633014198704216,
    0.028251417640804355, 0.028801014308486566, 0.02701958174804985, 0.020165411906325984,
    0.00436008297411997, 0.004322859820262994, 0.004248407013144329, 0.004127788143879203,
    0.003949823789073333, 0.15040980826837544, 0.1781738953376068, 1.4894729523228287,
    0.026934113256782438, 0.031193806213550262, 0.03573205710850945, 0.011842787889610533,
    0.012359569899918923, 0.012772363386462825, 34.61955056619993, 6.790496591381109,
    26.77317753112891, 5.250049363758908, 18.92680449605787, 3.709602136136694, 2.359596774903925]
  - [0.0004849204158329743, 0.00044472195060516585, 0.00040042170442252387, 0.0003516811164003318,
    0.0002981307737079202, 0.002208004593537537, 0.00219796739311879, 0.0020941671531106015,
    0.0018393853796864292, 0.0013386044908247552, 0.0005805680102776616, 0.0005647737294314994,
    0.0005378031639011045, 0.000496299379844357, 0.0004358153031001455, 0.0035216778002610037,
    0.0037209195049139185, 0.003772637018400781, 0.0035099896527531565, 0.002575658575176811,
    0.0005721868033767427, 0.0005662321470314976, 0.0005552838025952593, 0.0005381727019450074,
    0.0005134418137244397, 0.019692989101368526, 0.023147039198244436, 0.026934113256782438,
    0.022267630459506613, 0.004043552624527705, 0.004582189022194118, 0.0015287056115690248,
    0.0015878774661686676, 0.001631580805746942, 4.8384612077913545, 0.9430494074738718,
    3.7418446737478046, 0.7291154446621159, 2.645228139704266, 0.5151814818503565,
    0.3194698181563765]
  - [0.0005545067379152033, 0.0005088195774470104, 0.0004584413275430991, 0.000402982351072413,
    0.0003420172896471675, 0.0025235148666806315, 0.002515722111536412, 0.002401553616622221,
    0.0021153616831370357, 0.001547744810114047, 0.0006645227921082602, 0.000647114427828582,
    0.0006169849851468965, 0.0005702772924784961, 0.0005018718160594153, 0.004024787511340732,
    0.00426043001429161, 0.0043306526775856655, 0.004044725016470808, 0.0029916158988743426,
    0.0006562544071111457, 0.0006499959322668331, 0.0006380664212492283, 0.0006191232819725286,
    0.0005914904486270448, 0.02260990118857181, 0.02667019226606395, 0.031193806213550262,
    0.004043552624527705, 0.03127787485128331, 0.005310871166021621, 0.0017665626165248832,
    0.001838905916518933, 0.0018944421395420633, 5.401195873073899, 1.055802854077118,
    4.177037934495674, 0.816290388737978, 2.9528799959174403, 0.5767779233988359,
    0.36181112509044056]
  - [0.0006240155214703503, 0.0005730753980515368, 0.0005168609991379841, 0.00045493038795227706,
    0.00038680075862753435, 0.002837577300249715, 0.002834579234291662, 0.0027133950654221954,
    0.002399907753507236, 0.001769961521302117, 0.0007487860880102665, 0.0007302451338535162,
    0.000697503518481107, 0.0006461969598614665, 0.0005705166695487958, 0.004525505033602713,
    0.004802738670577096, 0.004899429262812479, 0.0046014031150600895, 0.0034428571953651907,
    0.0007415498805010049, 0.0007353998945658699, 0.00072294174976619, 0.0007026575762814135,
    0.0006726478936146129, 0.025582371154804277, 0.030327654710324354, 0.03573205710850945,
    0.004582189022194118, 0.005310871166021621, 0.044001286227574155, 0.002017313938614762,
    0.002106410160582881, 0.0021781132549166743, 5.891793431232659, 1.156183441533592,
    4.556443654850317, 0.8938992988106959, 3.22109387846796, 0.6316151560878037, 0.40251314671010013]
  - [0.00020910512223419047, 0.00019198837771975384, 0.0001731071961209108, 0.00015231458219993032,
    0.0001294500269338849, 0.0009510833869147357, 0.0009491425736715281, 0.0009073948200741943,
    0.0008011268559869055, 0.0005890836816915083, 0.00025072004203347735, 0.0002443452695904547,
    0.00023320140041941474, 0.00021583524351453552, 0.0001903162386643381, 0.0015168602077394139,
    0.0016076155892845287, 0.0016369251719008267, 0.0015331554790072614, 0.0011414529850930892,
    0.0002479195892739575, 0.0002457110440220488, 0.00024138016686969758, 0.00023442145203489257,
    0.00022420332112976944, 0.008542559593910815, 0.010096292923545282, 0.011842787889610533,
    0.0015287056115690248, 0.0017665626165248832, 0.002017313938614762, 0.004714523467042983,
    0.000698384995863919, 0.0007206288340349731, 2.0446522698027065, 0.4001605121822681,
    1.5812405797751614, 0.30938274014458367, 1.117828889747617, 0.21860496810690172,
    0.13779630506808693]
  - [0.00021655044875481982, 0.0001989149024795009, 0.00017945432687703405, 0.0001580161101109004,
    0.0001344335591864199, 0.000984513361396907, 0.0009834707681661255, 0.0009414780580805831,
    0.0008329331668774432, 0.0006150038170904444, 0.00025979411681406817, 0.00025337171362685407,
    0.00024203292427330857, 0.000224270870861179, 0.00019808130976777994, 0.0015701446362882006,
    0.0016660814226642062, 0.0016993198367278124, 0.001595834529215859, 0.0011949740595769117,
    0.00025722652224820534, 0.0002550884572855034, 0.00025076627422438303, 0.00024373603745888505,
    0.00023334246690441432, 0.008867145157310498, 0.010502962186075732, 0.012359569899918923,
    0.0015878774661686676, 0.001838905916518933, 0.002106410160582881, 0.000698384995863919,
    0.005324666693195165, 0.0007534257186343007, 2.1006660149312837, 0.4117670996314638,
    1.6245590491944308, 0.3183563337887381, 1.1484520834575769, 0.22494556794601214,
    0.14269910910279038]
  - [0.00022172339633111065, 0.00020378646070779048, 0.00018398449565346285, 0.00016216084689036733,
    0.0001381443431118147, 0.0010074574216724305, 0.0010076109657896333, 0.0009661999265734861,
    0.0008570150370205186, 0.0006360920583798467, 0.00026617880377571, 0.00025983203188445085,
    0.0002484821641493989, 0.00023058480337438268, 0.00020408287707307358, 0.0016066955725284153,
    0.0017073539568192792, 0.0017450233841287154, 0.0016441576920626219, 0.0012400222120682348,
    0.00026396592775712667, 0.0002619666380259392, 0.0002577496045667413, 0.00025077817870646434,
    0.00024038034035732766, 0.009103663189438605, 0.010811667887091076, 0.012772363386462825,
    0.001631580805746942, 0.0018944421395420633, 0.0021781132549166743, 0.0007206288340349731,
    0.0007534257186343007, 0.0059527625059432685, 2.135297125557299, 0.41931167661643165,
    1.6513411667472666, 0.32418939784623774, 1.1673852079372422, 0.22906711907604482,
    0.14639385634901375]
  - [0.709032175444451, 0.6592128177854607, 0.6044320844512776, 0.5443214843783588,
    0.4784830056917373, 3.185241764213009, 3.1847861791760597, 3.0669855287184955,
    2.7697310583615797, 2.1965633320540205, 0.8413612335396387, 0.8235894510588162,
    0.7922784943092586, 0.7438598085227657, 0.6737765058702563, 5.07900856356602,
    5.3520967221689855, 5.42922655694314, 5.126843533756527, 4.092793199478669, 0.8255100481175695,
    0.8192623935217559, 0.8070474675331855, 0.7876540530399688, 0.7596183045564998,
    27.301050004183786, 31.084139437042765, 34.61955056619993, 4.8384612077913545,
    5.401195873073899, 5.891793431232659, 2.0446522698027065, 2.1006660149312837,
    2.135297125557299, 1010993.9207772048, 50139.96120456373, 197787.55220163846,
    38765.54061672484, 139822.26532213946, 27391.120028885958, 17423.876388043733]
  - [0.13746884322961275, 0.1278391849811733, 0.11724264613860354, 0.10560687301556304,
    0.09285367161913721, 0.6174196989602523, 0.6181058840405047, 0.5960606713586354,
    0.5391122732443678, 0.42828508455505543, 0.16329553599424887, 0.1599654887246759,
    0.1540051387707674, 0.14471415228127554, 0.1311963678939033, 0.9844807220631113,
    1.0392201431314996, 1.056296591972595, 0.9998262598819905, 0.8005277827980812,
    0.16049577619777974, 0.1593776523943153, 0.15710131025525714, 0.15342898321086768,
    0.14807280099737527, 5.316154377319551, 6.0715284128795455, 6.790496591381109,
    0.9430494074738718, 1.055802854077118, 1.156183441533592, 0.4001605121822681,
    0.4117670996314638, 0.41931167661643165, 50139.96120456373, 38966.868279675735,
    38775.953493871726, 7600.953589555935, 27411.945783179348, 5370.714010259229,
    3417.9684972669697]
  - [0.5483330660852223, 0.5098050527148477, 0.46744013824153474, 0.4209533485249138,
    0.37003687937879576, 2.4633203446638956, 2.4629680160266187, 2.3718663790497896,
    2.1419833627590563, 1.698721649635373, 0.6506703092604296, 0.6369264252520581,
    0.6127119629030385, 0.5752671651172625, 0.5210679431979729, 3.9278730003860645,
    4.139066896099555, 4.1987155837798475, 3.96486637921857, 3.1651791295876275, 0.6384117272036648,
    0.6335800767948362, 0.624133611526711, 0.6091356314642965, 0.5874540654390331,
