# vim: set fdm=marker :

########################
# B -> pi form factors #
########################
# {{{
# The following constraint contains information both from [FNAL+MILC:2015C] (info on f_T) and
# from [FNAL+MILC:2015A] (info on f_+ and f_0). Since the covariance matrices were singular, we
# applied the modification suggested in 1901.02561 in a procedure explained in Section 4 of [LMvD:2021A]
B->pi::f_++f_0+f_T@FNAL+MILC:2015C:
    type: MultivariateGaussian(Covariance)
    observables:
      ['B->pi::f_+(q2)', 'B->pi::f_+(q2)', 'B->pi::f_+(q2)', 'B->pi::f_0(q2)',
       'B->pi::f_0(q2)', 'B->pi::f_0(q2)', 'B->pi::f_0(q2)', 'B->pi::f_T(q2)', 'B->pi::f_T(q2)',
       'B->pi::f_T(q2)', 'B->pi::f_T(q2)']
    kinematics:
      [{q2: 21.0}, {q2: 23.0}, {q2: 25.0}, {q2: 19.0}, {q2: 21.0}, {q2: 23.0},
       {q2: 25.0}, {q2: 19.0}, {q2: 21.0}, {q2: 23.0}, {q2: 25.0}]
    options:
      [{form-factors: BCL2008}, {form-factors: BCL2008}, {form-factors: BCL2008},
       {form-factors: BCL2008}, {form-factors: BCL2008}, {form-factors: BCL2008}, {form-factors: BCL2008},
       {form-factors: BCL2008}, {form-factors: BCL2008}, {form-factors: BCL2008}, {form-factors: BCL2008}]
    means:
      [1.6345467224529795, 2.4554918733345024, 4.296472104128991, 0.4601500384505876,
       0.5547765900992142, 0.6825582344442698, 0.8570222773438197, 1.1367729275911442,
       1.5803205571906271, 2.3784892007627936, 4.170389365027679]
    covariance:
      - [0.002753753885033591, 0.003107685955089848, 0.0035708767062617975, 0.0003379077516630917, 0.0002549486320286912, 0.00018151787394906372, 0.00012943805698157633, 0.0018982939264867848, 0.0018167005877462816, 0.001735072103854483, 0.0017043085983650492]
      - [0.003107685955089848, 0.00478403426952169, 0.00797344523660669, 0.00019005009067737832, 0.0002467644001926976, 0.00026806711545811966, 0.0002299288959955802, 0.0015684992666358437, 0.0019113157006786043, 0.0027179698757216785, 0.00491344062399982]
      - [0.0035708767062617975, 0.00797344523660669, 0.022421441146158235, 0.0008457271169833416, 0.0006881608415225879, 0.00064740012250222, 0.0007787296250411349, 0.0011635952429966242, 0.0021027898654087493, 0.004904744467464044, 0.013467435532486931]
      - [0.0003379077516630917, 0.00019005009067737832, 0.0008457271169833416, 0.0006191585699868314, 0.0004722794768465927, 0.00036311524377377423, 0.0003307005189430005, 0.0005308838168598187, 0.0004513544508525769, 0.00040028647888955824, 0.0004905432112809256]
      - [0.0002549486320286912, 0.0002467644001926976, 0.0006881608415225879, 0.0004722794768465927, 0.00041894173000989237, 0.000379354500741519, 0.0003687658970046863, 0.0003670509787725134, 0.0003871496915199542, 0.0004560383160142841, 0.0006851274848590006]
      - [0.00018151787394906372, 0.00026806711545811966, 0.00064740012250222, 0.00036311524377377423, 0.000379354500741519, 0.0004013514201081412, 0.00043099890382422947, 0.00025604490619997517, 0.00035233768385137124, 0.0005184717592745374, 0.0008785758290927615]
      - [0.00012943805698157633, 0.0002299288959955802, 0.0007787296250411349, 0.0003307005189430005, 0.0003687658970046863, 0.00043099890382422947, 0.0005269005677147359, 0.0002405316463202478, 0.00037016876802094365, 0.0005865627610490832, 0.0010399594241164913]
      - [0.0018982939264867848, 0.0015684992666358437, 0.0011635952429966242, 0.0005308838168598187, 0.0003670509787725134, 0.00025604490619997517, 0.0002405316463202478, 0.0039892805817627365, 0.0030404149542331243, 0.00231416332523986, 0.002718147076705542]
      - [0.0018167005877462816, 0.0019113157006786043, 0.0021027898654087493, 0.0004513544508525769, 0.0003871496915199542, 0.00035233768385137124, 0.00037016876802094365, 0.0030404149542331243, 0.003583858912260063, 0.0042717608627684854, 0.00523728091313789]
      - [0.001735072103854483, 0.0027179698757216785, 0.004904744467464044, 0.00040028647888955824,0.0004560383160142841, 0.0005184717592745374, 0.0005865627610490832, 0.00231416332523986,0.0042717608627684854, 0.006973702435344511, 0.011344369057493859]
      - [0.0017043085983650492, 0.00491344062399982, 0.013467435532486931, 0.0004905432112809256, 0.0006851274848590006,0.0008785758290927615, 0.0010399594241164913, 0.002718147076705542, 0.00523728091313789,0.011344369057493859, 0.028260244982580427]
B->pi::f_++f_0@RBC+UKQCD:2015A:
    type: MultivariateGaussian(Covariance)
    observables:
      - B->pi::f_+(q2)
      - B->pi::f_+(q2)
      - B->pi::f_+(q2)
      - B->pi::f_0(q2)
      - B->pi::f_0(q2)
      - B->pi::f_0(q2)
    kinematics:
      [ {q2: 19.0}, {q2: 22.6}, {q2: 25.1}, {q2: 19.0}, {q2: 22.6}, {q2: 25.1}]
    options:
      [ {form-factors: BCL2008}, {form-factors: BCL2008}, {form-factors: BCL2008},
        {form-factors: BCL2008}, {form-factors: BCL2008}, {form-factors: BCL2008}]
    means:
      [ 1.21, 2.27, 4.11, 0.46, 0.68, 0.92]
    covariance:
      - [0.0165179762, 0.0216082010056, 0.0083342442315, 0.0053185083666, 0.0050056321567999995, 0.0050366144004000005]
      - [0.0216082010056, 0.03648768490000001, 0.033284115256800015, 0.007261927535400002, 0.008380136481600003, 0.008631089884800002]
      - [0.0083342442315, 0.033284115256800015, 0.3448860057000001, 0.007473233632200002, 0.008697529392000003, 0.012557289576]
      - [0.0053185083666, 0.007261927535400002, 0.007473233632200002, 0.0039260264, 0.0034015986528000003, 0.0036322087968]
      - [0.0050056321567999995, 0.008380136481600003, 0.008697529392000003, 0.0034015986528000003, 0.004241132800000001, 0.004281239798400001]
      - [0.0050366144004000005, 0.008631089884800002, 0.012557289576, 0.0036322087968, 0.004281239798400001, 0.004835483200000001]
B->pi::f_+@IKMvD:2014A:
    type: MultivariateGaussian
    observables:
      - B->pi::f_+(q2)
      - B->pi::f_+'(q2)
      - B->pi::f_+''(q2)
      - B->pi::f_+(q2)
      - B->pi::f_+'(q2)
      - B->pi::f_+''(q2)
    kinematics:
      [ {q2: 0}, {q2: 0}, {q2: 0}, {q2: 10}, {q2: 10}, {q2: 10} ]
    options:
      [ {form-factors: BCL2008}, {form-factors: BCL2008}, {form-factors: BCL2008},
        {form-factors: BCL2008}, {form-factors: BCL2008}, {form-factors: BCL2008} ]
    means:
      [ 0.309591, 0.015545, 0.00124258, 0.561988, 0.040339, 0.00470891]
    sigma-stat-hi:
      [ 0.0199207, 0.0009997879999999999, 0.000108337, 0.0321127, 0.00237506, 0.000365924]
    sigma-stat-lo:
      [ 0.0199207, 0.0009997879999999999, 0.000108337, 0.0321127, 0.00237506, 0.000365924]
    sigma-sys:
      [ 0, 0, 0, 0, 0, 0]
    correlations:
      - [ 1, 0.735, 0.374, 0.925, 0.5639999999999999, 0.313]
      - [ 0.735, 1, 0.867, 0.927, 0.863, 0.246]
      - [ 0.374, 0.867, 1, 0.6820000000000001, 0.853, 0.221]
      - [ 0.925, 0.927, 0.6820000000000001, 1, 0.8139999999999999, 0.389]
      - [ 0.5639999999999999, 0.863, 0.853, 0.8139999999999999, 1, 0.647]
      - [ 0.313, 0.246, 0.221, 0.389, 0.647, 1]
B->pi::f_+@KMO:2006A:
  type: Gaussian
  observable: 'B->pi::f_+(q2)'
  kinematics: {q2: 0}
  options: {form-factors: BSZ2015}
  mean: 0.25
  sigma-stat: {hi: 0.05, lo: 0.05}
  sigma-sys: {hi: 0, lo: 0}
B->pi::f_T@KMO:2006A:
  type: Gaussian
  observable: 'B->pi::f_T(q2)'
  kinematics: {q2: 0}
  options: {form-factors: BSZ2015}
  mean: 0.21
  sigma-stat: {hi: 0.04, lo: 0.04}
  sigma-sys: {hi: 0, lo: 0}
B->pi::FormFactors[f_+,f_0,f_T]@GKvD:2018A:
  type: MultivariateGaussian(Covariance)
  observables: ['B->pi::f_+(q2)', 'B->pi::f_+(q2)', 'B->pi::f_+(q2)', 'B->pi::f_+(q2)',
    'B->pi::f_+(q2)', 'B->pi::f_0(q2)', 'B->pi::f_0(q2)', 'B->pi::f_0(q2)', 'B->pi::f_0(q2)',
    'B->pi::f_T(q2)', 'B->pi::f_T(q2)', 'B->pi::f_T(q2)', 'B->pi::f_T(q2)', 'B->pi::f_T(q2)']
  kinematics:
  - {q2: -15.0}
  - {q2: -10.0}
  - {q2: -5.0}
  - {q2: 0.0}
  - {q2: 5.0}
  - {q2: -15.0}
  - {q2: -10.0}
  - {q2: -5.0}
  - {q2: 5.0}
  - {q2: -15.0}
  - {q2: -10.0}
  - {q2: -5.0}
  - {q2: 0.0}
  - {q2: 5.0}
  options:
  - {form-factors: BSZ2015}
  - {form-factors: BSZ2015}
  - {form-factors: BSZ2015}
  - {form-factors: BSZ2015}
  - {form-factors: BSZ2015}
  - {form-factors: BSZ2015}
  - {form-factors: BSZ2015}
  - {form-factors: BSZ2015}
  - {form-factors: BSZ2015}
  - {form-factors: BSZ2015}
  - {form-factors: BSZ2015}
  - {form-factors: BSZ2015}
  - {form-factors: BSZ2015}
  - {form-factors: BSZ2015}
  means: [0.10658237856756322, 0.13079594302460482, 0.16421806430870658, 0.21204507834818875,
    0.2833387628870831, 0.15857830826050096, 0.1734843673813325, 0.19113792831632376,
    0.23621614664608417, 0.09718402259073117, 0.11940709413140357, 0.15016916731552862,
    0.19437431107280392, 0.2607104781350549]
  covariance:
  - [0.0012149490281883793, 0.0011556634452874273, 0.0014762568655764827, 0.001960791872943701,
    0.0027596244654821125, 0.0013449399083411907, 0.0014997530544201265, 0.0016974262843742847,
    0.002335464356062093, 0.0007699448061611831, 0.0009574103403904421, 0.0012263771952127033,
    0.0016364939680415518, 0.002323300290938016]
  - [0.0011556634452874273, 0.0018622041148656093, 0.0018326530613699864, 0.0024343374352178157,
    0.0034264642488261664, 0.0016695733516343758, 0.0018618035971743648, 0.0021072689022777783,
    0.00289969105699317, 0.0009559854281456472, 0.0011887990519764827, 0.0015228576721927217,
    0.00203228484359895, 0.0028855451826278237]
  - [0.0014762568655764827, 0.0018326530613699864, 0.0030153986385744822, 0.003110313548724079,
    0.004378571947638985, 0.002132879761498543, 0.0023785380967396327, 0.002692255063953222,
    0.00370522289731723, 0.0012215980817885303, 0.0015191846341927478, 0.0019462331607967586,
    0.002597568582670533, 0.0036887623079930685]
  - [0.001960791872943701, 0.0024343374352178157, 0.003110313548724079, 0.00525630162810184,
    0.0058186419522458285, 0.0028332081986887484, 0.00315968591836703, 0.0035766647450786553,
    0.004923458073243694, 0.0016233009440397132, 0.0020189085827328813, 0.0025867130547953866,
    0.0034529218398920377, 0.004904559129941903]
  - [0.0027596244654821125, 0.0034264642488261664, 0.004378571947638985, 0.0058186419522458285,
    0.010202133918786774, 0.003988054843417344, 0.00444794610832106, 0.005035432787831627,
    0.006933812005881475, 0.002286192221499331, 0.002843703199721475, 0.0036440801999877326,
    0.004865500879775394, 0.006913416281938278]
  - [0.0013449399083411907, 0.0016695733516343758, 0.002132879761498543, 0.0028332081986887484,
    0.003988054843417344, 0.0025718429189468617, 0.0021669786674109997, 0.0024526214770480693,
    0.0033746817334397686, 0.0011127029500678006, 0.0013837209825943956, 0.0017726170901220168,
    0.0023657062333170917, 0.003359175044569105]
  - [0.0014997530544201265, 0.0018618035971743648, 0.0023785380967396327, 0.00315968591836703,
    0.00444794610832106, 0.0021669786674109997, 0.0031687842939740717, 0.002735120646630504,
    0.0037637934408253425, 0.001241000854667554, 0.001543309765061992, 0.0019771305123285985,
    0.0026387831217865886, 0.0037472254413376373]
  - [0.0016974262843742847, 0.0021072689022777783, 0.002692255063953222, 0.0035766647450786553,
    0.005035432787831627, 0.0024526214770480693, 0.002735120646630504, 0.004009073441620876,
    0.00426084524755282, 0.0014048747334138108, 0.001747165469574874, 0.0022383967346994403,
    0.0029876860224465635, 0.004243128345233017]
  - [0.002335464356062093, 0.00289969105699317, 0.00370522289731723, 0.004923458073243694,
    0.006933812005881475, 0.0033746817334397686, 0.0037637934408253425, 0.00426084524755282,
    0.007261555092209788, 0.0019342068103553494, 0.0024057559417075517, 0.0030826560366013045,
    0.004115504829407015, 0.005846922552399844]
  - [0.0007699448061611831, 0.0009559854281456472, 0.0012215980817885303, 0.0016233009440397132,
    0.002286192221499331, 0.0011127029500678006, 0.001241000854667554, 0.0014048747334138108,
    0.0019342068103553494, 0.0008764460179798499, 0.0007964176796054959, 0.0010203830021376472,
    0.0013620361797262734, 0.001934553977339478]
  - [0.0009574103403904421, 0.0011887990519764827, 0.0015191846341927478, 0.0020189085827328813,
    0.002843703199721475, 0.0013837209825943956, 0.001543309765061992, 0.001747165469574874,
    0.0024057559417075517, 0.0007964176796054959, 0.001346935583914282, 0.0012691961576091993,
    0.0016943300994569429, 0.0024068866958467812]
  - [0.0012263771952127033, 0.0015228576721927217, 0.0019462331607967586, 0.0025867130547953866,
    0.0036440801999877326, 0.0017726170901220168, 0.0019771305123285985, 0.0022383967346994403,
    0.0030826560366013045, 0.0010203830021376472, 0.0012691961576091993, 0.002190059042777862,
    0.002171460871547984, 0.003085296087921994]
  - [0.0016364939680415518, 0.00203228484359895, 0.002597568582670533, 0.0034529218398920377,
    0.004865500879775394, 0.0023657062333170917, 0.0026387831217865886, 0.0029876860224465635,
    0.004115504829407015, 0.0013620361797262734, 0.0016943300994569429, 0.002171460871547984,
    0.0038441238227633645, 0.004121243324771324]
  - [0.002323300290938016, 0.0028855451826278237, 0.0036887623079930685, 0.004904559129941903,
    0.006913416281938278, 0.003359175044569105, 0.0037472254413376373, 0.004243128345233017,
    0.005846922552399844, 0.001934553977339478, 0.0024068866958467812, 0.003085296087921994,
    0.004121243324771324, 0.007558683930221799]
B->pi::FormFactors[parametric,LCSR]@GKvD:2018A:
  type: MultivariateGaussian(Covariance)
  observables:
    ['B->pi::alpha^f+_0@BSZ2015', 'B->pi::alpha^f+_1@BSZ2015', 'B->pi::alpha^f+_2@BSZ2015',
     'B->pi::alpha^f0_1@BSZ2015', 'B->pi::alpha^f0_2@BSZ2015', 'B->pi::alpha^fT_0@BSZ2015',
     'B->pi::alpha^fT_1@BSZ2015', 'B->pi::alpha^fT_2@BSZ2015']
  kinematics:
    [ {}, {}, {}, {}, {}, {}, {}, {} ]
  options:
    [ {}, {}, {}, {}, {}, {}, {}, {} ]
  means:
    [ 0.21136297148048722, -0.5060718234131146, -0.30576516197612086, 0.30220430867644443,
     -0.4367970012182975, 0.19368482044033736, -0.47834525429660135, -0.1720904652789327]
  covariance:
  - [0.004467531704648644, -0.013518751733236502, -0.03423066165636245, 0.0020053523506718056,
    -0.06417934702776308, 0.003487737866447955, -0.01249217973081816, 0.019553447409415538]
  - [-0.013518751733236502, 0.29953063871064706, -2.987311015449609, 0.002619821344901674,
    -0.16989901808911634, -0.01195146175521028, 0.0435769795855001, -0.05940946330794693]
  - [-0.03423066165636245, -2.987311015449609, 48.439942128706754, -0.30056119046232177,
    12.520877668385296, 0.01752072402875457, -0.07859315032700938, 0.06250679755940285]
  - [0.0020053523506718056, 0.002619821344901674, -0.30056119046232177, 0.21583731599557648,
    -2.5227291631793127, 0.0002065623094335977, -0.0003939846057653687, -0.002406977551487737]
  - [-0.06417934702776308, -0.16989901808911634, 12.520877668385296, -2.5227291631793127,
    52.53750598520673, 0.005984931604145837, -0.03272100200456315, 0.15324545739159304]
  - [0.003487737866447955, -0.01195146175521028, 0.01752072402875457, 0.0002065623094335977,
    0.005984931604145837, 0.003321067732543745, -0.009998310355036321, -0.047948184973218795]
  - [-0.01249217973081816, 0.0435769795855001, -0.07859315032700938, -0.0003939846057653687,
    -0.03272100200456315, -0.009998310355036321, 0.2544323920166163, -2.5674962673970105]
  - [0.019553447409415538, -0.05940946330794693, 0.06250679755940285, -0.002406977551487737,
    0.15324545739159304, -0.047948184973218795, -2.5674962673970105, 44.05834392401531]
B->pi::FormFactors[parametric,LCSRLattice]@GKvD:2018A:
  type: MultivariateGaussian(Covariance)
  observables: ['B->pi::alpha^f+_0@BSZ2015', 'B->pi::alpha^f+_1@BSZ2015', 'B->pi::alpha^f+_2@BSZ2015',
    'B->pi::alpha^f0_1@BSZ2015', 'B->pi::alpha^f0_2@BSZ2015', 'B->pi::alpha^fT_0@BSZ2015',
    'B->pi::alpha^fT_1@BSZ2015', 'B->pi::alpha^fT_2@BSZ2015']
  kinematics:
    [ {}, {}, {}, {}, {}, {}, {}, {} ]
  options:
    [ {}, {}, {}, {}, {}, {}, {}, {} ]
  means:
    [ 0.1959500850585235, -0.7763565146997043, -0.19660537219243024, -0.01446803146697799,
     -0.19529667411047308, 0.17311654822482725, -0.40903716524130396, -0.2580355775883392]
  covariance:
  - [ 0.00043856794861252545, 0.0017006856751306653, 0.0017869135357179685, 0.001791473739035028,
      0.0018540920361886392, 0.00043119091337719286, -0.001533434101733263, 0.0025983657378446713]
  - [ 0.0017006856751306653, 0.014883111886658956, 0.024175396544194178, 0.007496442333555669,
      0.008231801769630478, 0.0018331626002889186, -0.0064719888852149375, 0.013309700515067472]
  - [ 0.0017869135357179685, 0.024175396544194178, 0.048442168186443785, 0.008246031014344407,
      0.009495119542414368, 0.002101571695564886, -0.007626881587186421, 0.019827268851177457]
  - [ 0.001791473739035028, 0.007496442333555669, 0.008246031014344407, 0.008113241020345443,
      0.008807995399935275, 0.001780960483805644, -0.006330454727963526, 0.010605966562237883]
  - [ 0.0018540920361886392, 0.008231801769630478, 0.009495119542414368, 0.008807995399935275,
      0.009849110575172496, 0.0018565886711412688, -0.006611326147245904, 0.011297687949280705]
  - [ 0.00043119091337719286, 0.0018331626002889186, 0.002101571695564886, 0.001780960483805644,
      0.0018565886711412688, 0.0009128430054686948, -0.0013371298357097196, -0.06141781304336471]
  - [-0.001533434101733263, -0.0064719888852149375, -0.007626881587186421, -0.006330454727963526,
     -0.006611326147245904, -0.0013371298357097196, 0.22337120099970958, -2.524163243360965]
  - [ 0.0025983657378446713, 0.013309700515067472, 0.019827268851177457, 0.010605966562237883,
      0.011297687949280705, -0.06141781304336471, -2.524163243360965, 44.085711228409906]
B->pi::form-factors[f_+,f_0,f_T]@LMvD:2021A:
  type: MultivariateGaussian(Covariance)
  observables:
  - B->pi::f_+(q2)
  - B->pi::f_+(q2)
  - B->pi::f_+(q2)
  - B->pi::f_+(q2)
  - B->pi::f_+(q2)
  - B->pi::f_0(q2)
  - B->pi::f_0(q2)
  - B->pi::f_0(q2)
  - B->pi::f_0(q2)
  - B->pi::f_T(q2)
  - B->pi::f_T(q2)
  - B->pi::f_T(q2)
  - B->pi::f_T(q2)
  - B->pi::f_T(q2)
  kinematics:
  - {q2: -10.0}
  - {q2: -5.0}
  - {q2: 0.0}
  - {q2: 5.0}
  - {q2: 10.0}
  - {q2: -10.0}
  - {q2: -5.0}
  - {q2: 5.0}
  - {q2: 10.0}
  - {q2: -10.0}
  - {q2: -5.0}
  - {q2: 0.0}
  - {q2: 5.0}
  - {q2: 10.0}
  options:
  - {form-factors: BCL2008}
  - {form-factors: BCL2008}
  - {form-factors: BCL2008}
  - {form-factors: BCL2008}
  - {form-factors: BCL2008}
  - {form-factors: BCL2008}
  - {form-factors: BCL2008}
  - {form-factors: BCL2008}
  - {form-factors: BCL2008}
  - {form-factors: BCL2008}
  - {form-factors: BCL2008}
  - {form-factors: BCL2008}
  - {form-factors: BCL2008}
  - {form-factors: BCL2008}
  means: [0.16998724401900217, 0.22357659313241665, 0.297154282561065, 0.40446796120786627,
    0.573725876774436, 0.21142819388158263, 0.25077754868973434, 0.3563224094029131,
    0.4405535843023795, 0.16953458255860462, 0.22184864366499962, 0.2929880264138168,
    0.39643220618731473, 0.5599915326357178]
  covariance:
  - [0.00048160777929081243, 0.000331078362047616, 0.0003046547818505346, 0.0003098052408589821,
    0.00038124543991317376, 0.0004937325081722303, 0.0003760049598741378, 0.0002896751820434829,
    0.0003594746197103596, 0.00014975675450943547, 0.00019350044050664626, 0.000252896067157903,
    0.00033722958111023576, 0.0004646422648682436]
  - [0.000331078362047616, 0.0004645447827790612, 0.0004465504785091925, 0.0005519061616953,
    0.0007317287010782499, 0.0004216925799375505, 0.000424503316566293, 0.0005022304908640528,
    0.0006279605352187744, 0.0002001169131764748, 0.00027193389921800076, 0.0003591319941790297,
    0.000475824161358168, 0.0006536393963037548]
  - [0.0003046547818505346, 0.0004465504785091925, 0.0009250569658846065, 0.000847854961053669,
    0.0011684174152924354, 0.00037189052191380313, 0.0004962095057322644, 0.0007630525851657369,
    0.0009645590368933369, 0.00026822510170707817, 0.0003711381661444564, 0.0004950292417249937,
    0.0006597808712763916, 0.0009102085425590278]
  - [0.0003098052408589821, 0.0005519061616953, 0.000847854961053669, 0.001973989974309993,
    0.0017395615438939329, 0.0003600159426411241, 0.0006081750476550275, 0.0010992607525626434,
    0.0014088588463632683, 0.0003657305259200108, 0.0005065053900826399, 0.0006816678843887818,
    0.0009192630046037291, 0.0012792979715792057]
  - [0.00038124543991317376, 0.0007317287010782499, 0.0011684174152924354, 0.0017395615438939329,
    0.0038598846991193484, 0.00043110456152150667, 0.0008027037192155501, 0.0015565036188586025,
    0.0020278728190660654, 0.0005141957095350872, 0.0007119118657308285, 0.000965008849440012,
    0.001315449143610089, 0.0018490549393471842]
  - [0.0004937325081722303, 0.0004216925799375505, 0.00037189052191380313, 0.0003600159426411241,
    0.00043110456152150667, 0.0008285670003661674, 0.0004843056141097677, 0.00033851288729895855,
    0.0004247974580510502, 0.0001812179194499988, 0.00023500387682580002, 0.0003072797928404785,
    0.0004095372702810368, 0.0005646563423479261]
  - [0.0003760049598741378, 0.000424503316566293, 0.0004962095057322644, 0.0006081750476550275,
    0.0008027037192155501, 0.0004843056141097677, 0.0005871433529448499, 0.0005522004885688194,
    0.0006884928700791275, 0.00022051045454750563, 0.0003003936136156139, 0.0003968645585104153,
    0.0005257190830953154, 0.0007226333013748679]
  - [0.0002896751820434829, 0.0005022304908640528, 0.0007630525851657369, 0.0010992607525626434,
    0.0015565036188586025, 0.00033851288729895855, 0.0005522004885688194, 0.001606980115682465,
    0.0012883253512268262, 0.00033254991628335693, 0.000460741213106699, 0.0006196024958989314,
    0.0008340995953622211, 0.0011578076587858972]
  - [0.0003594746197103596, 0.0006279605352187744, 0.0009645590368933369, 0.0014088588463632683,
    0.0020278728190660654, 0.0004247974580510502, 0.0006884928700791275, 0.0012883253512268262,
    0.002755400229430407, 0.00043153167561453396, 0.0006012397594089394, 0.0008134906618665351,
    0.001101528003246464, 0.0015348819310956495]
  - [0.00014975675450943547, 0.0002001169131764748, 0.00026822510170707817, 0.0003657305259200108,
    0.0005141957095350872, 0.0001812179194499988, 0.00022051045454750563, 0.00033254991628335693,
    0.00043153167561453396, 0.00042993556981515036, 0.00029118607019598653, 0.0002668902915816844,
    0.0002776743978684138, 0.00035610372203783894]
  - [0.00019350044050664626, 0.00027193389921800076, 0.0003711381661444564, 0.0005065053900826399,
    0.0007119118657308285, 0.00023500387682580002, 0.0003003936136156139, 0.000460741213106699,
    0.0006012397594089394, 0.00029118607019598653, 0.0004158477982428318, 0.00038078064613624514,
    0.0004650190561924489, 0.0006158080334004949]
  - [0.000252896067157903, 0.0003591319941790297, 0.0004950292417249937, 0.0006816678843887818,
    0.000965008849440012, 0.0003072797928404785, 0.0003968645585104153, 0.0006196024958989314,
    0.0008134906618665351, 0.0002668902915816844, 0.00038078064613624514, 0.0007911120346811697,
    0.000686698674095742, 0.0009309481301311747]
  - [0.00033722958111023576, 0.000475824161358168, 0.0006597808712763916, 0.0009192630046037291,
    0.001315449143610089, 0.0004095372702810368, 0.0005257190830953154, 0.0008340995953622211,
    0.001101528003246464, 0.0002776743978684138, 0.0004650190561924489, 0.000686698674095742,
    0.0015537679998388041, 0.0013372786761728889]
  - [0.0004646422648682436, 0.0006536393963037548, 0.0009102085425590278, 0.0012792979715792057,
    0.0018490549393471842, 0.0005646563423479261, 0.0007226333013748679, 0.0011578076587858972,
    0.0015348819310956495, 0.00035610372203783894, 0.0006158080334004949, 0.0009309481301311747,
    0.0013372786761728889, 0.002848147806760828]
B->pi::FormFactors[parametric,LCSR+LQCD]@LvDM:2021A:
  type: MultivariateGaussian(Covariance)
  observables: [
    'B->pi::f_+(0)@BCL2008', 'B->pi::b_+^1@BCL2008', 'B->pi::b_+^2@BCL2008', 'B->pi::b_+^3@BCL2008',
                             'B->pi::b_0^1@BCL2008', 'B->pi::b_0^2@BCL2008', 'B->pi::b_0^3@BCL2008', 'B->pi::b_0^4@BCL2008',
    'B->pi::f_T(0)@BCL2008', 'B->pi::b_T^1@BCL2008', 'B->pi::b_T^2@BCL2008', 'B->pi::b_T^3@BCL2008'
  ]
  kinematics: [
    {}, {}, {}, {},
        {}, {}, {}, {},
    {}, {}, {}, {}
  ]
  options: [
    {}, {}, {}, {},
        {}, {}, {}, {},
    {}, {}, {}, {}
  ]
  means: [
    0.23467601855748074, -2.450837171898434,  -0.15097220515844212, -0.9024595563756068,
                          0.3990885830618598,  0.06973913203456783,  3.667435268564153,  1.4724931330072968,
    0.23500763888695003, -2.44908085160375,   -1.0789619798621684,   2.559191861313729
  ]
  covariance:
    - [0.0003593204321980519, 0.00790224536480181, 0.010206178564925747, -0.026080037014495062,
      0.0017198458598741422, 0.01276553847548448, 0.002074087540383166, -0.07859154802032381,
      0.00022412560082866846, 0.004958685876543023, 0.001227204087916371, -0.009022534955187504]
    - [0.00790224536480181, 0.255925527847404, 0.21603505464835893, -1.375091247058313,
      0.0631101174965812, 0.4211913325890195, -0.1724079915209255, -3.851411173756838,
      0.005226610372316066, 0.15082033220521188, -0.022345062639136264, -0.38844846344109446]
    - [0.010206178564925747, 0.21603505464835893, 1.3186010892778213, -2.740297234000322,
      0.09111513135674412, 0.8796707080841473, -0.1921881809331465, -9.2555177484424,
      0.004358447037549708, 0.017362352105707447, 0.25553451185600595, 0.34130741404599524]
    - [-0.026080037014495062, -1.375091247058313, -2.740297234000322, 16.397629870404412,
      -0.5572219020068212, -3.760969365791155, 3.5617438611421903, 48.8003405855537,
      -0.01680609817447079, -0.5001687891926705, 0.10290798886662732, 1.6163286814430013]
    - [0.0017198458598741422, 0.0631101174965812, 0.09111513135674412, -0.5572219020068212,
      0.035090074886153746, 0.17268069833060598, -0.2490131181094165, -2.276474205389278,
      0.0011779293458328206, 0.03190649591825622, -0.006466390088385601, -0.0937169373093586]
    - [0.01276553847548448, 0.4211913325890195, 0.8796707080841473, -3.760969365791155,
      0.17268069833060598, 1.1832944514032262, -0.8758383539490824, -13.34637549329842,
      0.007801031800366531, 0.19213066911081098, 0.03925400347313523, -0.43703742503290927]
    - [0.002074087540383166, -0.1724079915209255, -0.1921881809331465, 3.5617438611421903,
      -0.2490131181094165, -0.8758383539490824, 2.651939793801492, 16.99252896000922,
      -0.00013735619971767885, -0.05109469880454654, 0.1592808318240303, 0.48447286137679324]
    - [-0.07859154802032381, -3.851411173756838, -9.2555177484424, 48.8003405855537,
      -2.276474205389278, -13.34637549329842, 16.99252896000922, 182.07811348189557,
      -0.05045583082371996, -1.358552772397434, 0.10564568539858402, 4.329420545165305]
    - [0.00022412560082866846, 0.005226610372316066, 0.004358447037549708, -0.01680609817447079,
      0.0011779293458328206, 0.007801031800366531, -0.00013735619971767885, -0.05045583082371996,
      0.0002962158400235755, 0.006328292276281312, 0.0026602169753036364, -0.009381203421164682]
    - [0.004958685876543023, 0.15082033220521188, 0.017362352105707447, -0.5001687891926705,
      0.03190649591825622, 0.19213066911081098, -0.05109469880454654, -1.358552772397434,
      0.006328292276281312, 0.22355406422290203, -0.07075894930518731, -0.6848646999985398]
    - [0.001227204087916371, -0.022345062639136264, 0.25553451185600595, 0.10290798886662732,
      -0.006466390088385601, 0.03925400347313523, 0.1592808318240303, 0.10564568539858402,
      0.0026602169753036364, -0.07075894930518731, 0.48531620239676526, 0.7203333409323575]
    - [-0.009022534955187504, -0.38844846344109446, 0.34130741404599524, 1.6163286814430013,
      -0.0937169373093586, -0.43703742503290927, 0.48447286137679324, 4.329420545165305,
      -0.009381203421164682, -0.6848646999985398, 0.7203333409323575, 4.27168246182361]
# }}}

#######################
# B -> K form factors #
#######################
# {{{
B->K::f_0+f_++f_T@HPQCD:2013A:
    type: MultivariateGaussian
    observables:
        [ 'B->K::f_0(q2)', 'B->K::f_0(q2)', 'B->K::f_0(q2)',
          'B->K::f_+(q2)', 'B->K::f_+(q2)', 'B->K::f_+(q2)',
          'B->K::f_T(q2)', 'B->K::f_T(q2)', 'B->K::f_T(q2)' ]
    kinematics:
        [ {q2: 17}, {q2: 20}, {q2: 23},
          {q2: 17}, {q2: 20}, {q2: 23},
          {q2: 17}, {q2: 20}, {q2: 23} ]
    options:
        [ {form-factors: BSZ2015}, {form-factors: BSZ2015}, {form-factors: BSZ2015},
          {form-factors: BSZ2015}, {form-factors: BSZ2015}, {form-factors: BSZ2015},
          {form-factors: BSZ2015}, {form-factors: BSZ2015}, {form-factors: BSZ2015} ]
    means: [0.615697, 0.722728, 0.86973, 1.13053, 1.62747, 2.67559, 1.01869, 1.47371, 2.42477]
    sigma-stat-hi: [0.0423107, 0.0464784, 0.0545373, 0.0730107, 0.0973055, 0.186149, 0.0842842, 0.11937, 0.249658]
    sigma-stat-lo: [0.0423107, 0.0464784, 0.0545373, 0.0730107, 0.0973055, 0.186149, 0.0842842, 0.11937, 0.249658]
    sigma-sys: [0, 0, 0, 0, 0, 0, 0, 0, 0]
    correlations:
        -   [1, 0.929602, 0.727828, 0.576305, 0.477212, 0.230181, 0.128042, 0.0998671, 0.0477771]
        -   [0.929602, 1, 0.872508, 0.405678, 0.451924, 0.243271, 0.0586115, 0.0933393, 0.0749594]
        -   [0.727828, 0.872508, 1, 0.280099, 0.34324, 0.317962, 0.0103097, 0.046188, 0.0580487]
        -   [0.576305, 0.405678, 0.280099, 1, 0.782097, 0.298457, 0.363865, 0.212712, 0.0508819]
        -   [0.477212, 0.451924, 0.34324, 0.782097, 1, 0.712792, 0.222467, 0.262759, 0.197032]
        -   [0.230181, 0.243271, 0.317962, 0.298457, 0.712792, 1, -0.0249157, 0.140985, 0.220042]
        -   [0.128042, 0.0586115, 0.0103097, 0.363865, 0.222467, -0.0249157, 1, 0.785177, 0.457065]
        -   [0.0998671, 0.0933393, 0.046188, 0.212712, 0.262759, 0.140985, 0.785177, 1, 0.853052]
        -   [0.0477771, 0.0749594, 0.0580487, 0.0508819, 0.197032, 0.220042, 0.457065, 0.853052, 1]
B->K::f_0+f_++f_T@HPQCD:2022A:
    type: MultivariateGaussian(Covariance)
    observables:
        [ 'B->K::f_0(q2)', 'B->K::f_0(q2)', 'B->K::f_0(q2)',
                           'B->K::f_+(q2)', 'B->K::f_+(q2)',
          'B->K::f_T(q2)', 'B->K::f_T(q2)', 'B->K::f_T(q2)' ]
    kinematics:
        [ {q2: 0}, {q2: 12}, {q2: 22.9},
                   {q2: 12}, {q2: 22.9},
          {q2: 0}, {q2: 12}, {q2: 22.9} ]
    options:
        [ {form-factors: BSZ2015}, {form-factors: BSZ2015}, {form-factors: BSZ2015},
                                   {form-factors: BSZ2015}, {form-factors: BSZ2015},
          {form-factors: BSZ2015}, {form-factors: BSZ2015}, {form-factors: BSZ2015} ]
    means: [ 0.331915, 0.475729, 0.850441,
                       0.742513, 2.79257,
             0.332188, 0.731494, 2.72414 ]
    covariance:
        - [  0.000133646, 0.0000739104, -0.00004212, 0.000101003, -0.000159151, 0.000114124, 0.0000742631, -0.000154747 ]
        - [  0.0000739104, 0.0000815763, 0.000030259, 0.000088881, 0.000118353, 0.0000706419, 0.0000555545, -0.0000467873 ]
        - [ -0.00004212, 0.000030259, 0.000295315, 0.0000521136, 0.000768687, -0.0000467851, 0.0000216171, 0.000484615 ]
        - [  0.000101003, 0.000088881, 0.0000521136, 0.000502996, 0.000975553, 0.000123128, 0.000142769, 0.0000661912 ]
        - [ -0.000159151, 0.000118353, 0.000768687, 0.000975553, 0.0115989, -0.0000148195, 0.000259998, 0.00186993 ]
        - [  0.000114124, 0.0000706419, -0.0000467851, 0.000123128, -0.0000148195, 0.00055398, 0.000300178, -0.00037783 ]
        - [  0.0000742631, 0.0000555545, 0.0000216171, 0.000142769, 0.000259998, 0.000300178, 0.000992626, 0.00207409 ]
        - [ -0.000154747, -0.0000467873, 0.000484615, 0.0000661912, 0.00186993, -0.00037783, 0.00207409, 0.0234473 ]
B->K::f_0+f_++f_T@FNAL+MILC:2015D:
    type: MultivariateGaussian(Covariance)
    observables:
        [ 'B->K::f_0(q2)', 'B->K::f_0(q2)', 'B->K::f_0(q2)',
          'B->K::f_+(q2)', 'B->K::f_+(q2)', 'B->K::f_+(q2)',
          'B->K::f_T(q2)', 'B->K::f_T(q2)', 'B->K::f_T(q2)' ]
    kinematics:
        [ {q2: 17}, {q2: 20}, {q2: 23},
          {q2: 17}, {q2: 20}, {q2: 23},
          {q2: 17}, {q2: 20}, {q2: 23} ]
    options:
        [ {form-factors: BSZ2015}, {form-factors: BSZ2015}, {form-factors: BSZ2015},
          {form-factors: BSZ2015}, {form-factors: BSZ2015}, {form-factors: BSZ2015},
          {form-factors: BSZ2015}, {form-factors: BSZ2015}, {form-factors: BSZ2015} ]
    means: [0.590763, 0.696893, 0.861949, 1.17895, 1.69424, 2.73865, 1.17838, 1.71012, 2.76752]
    covariance:
        - [ 0.00022145, 0.00017755, 0.000163262, 0.000368928, 0.000404565, 0.000541493, 0.000396409, 0.000484068, 0.000687239 ]
        - [ 0.00017755, 0.000196883, 0.000233209, 0.000341107, 0.000469816, 0.000740061, 0.000402978, 0.000580879, 0.000931294 ]
        - [ 0.000163262, 0.000233209, 0.000328233, 0.000354202, 0.000575211, 0.00101777, 0.000450987, 0.000733453, 0.00127888 ]
        - [ 0.000368928, 0.000341107, 0.000354202, 0.000903851, 0.00109373, 0.00143815, 0.000964751, 0.00118933, 0.00161663 ]
        - [ 0.000404565, 0.000469816, 0.000575211, 0.00109373, 0.00155097, 0.00242585, 0.00121174, 0.00172955, 0.00270156 ]
        - [ 0.000541493, 0.000740061, 0.00101777, 0.00143815, 0.00242585, 0.004562, 0.00164139, 0.00280137, 0.00504921 ]
        - [ 0.000396409, 0.000402978, 0.000450987, 0.000964751, 0.00121174, 0.00164139, 0.00144461, 0.00168651, 0.00231993 ]
        - [ 0.000484068, 0.000580879, 0.000733453, 0.00118933, 0.00172955, 0.00280137, 0.00168651, 0.00248013, 0.0039797 ]
        - [ 0.000687239, 0.000931294, 0.00127888, 0.00161663, 0.00270156, 0.00504921, 0.00231993, 0.0039797, 0.00723376 ]
# The following FLAG entry is a combination of HPQCD:2013A and FNAL+MILC:2015D
B->K::f_0+f_++f_T@FLAG:2021A:
    type: MultivariateGaussian
    observables:
        [ 'B->K::f_+(q2)', 'B->K::f_+(q2)', 'B->K::f_+(q2)',
          'B->K::f_0(q2)', 'B->K::f_0(q2)',
          'B->K::f_T(q2)', 'B->K::f_T(q2)', 'B->K::f_T(q2)' ]
    kinematics:
        [ {q2: 16.905}, {q2: 19.905}, {q2: 22.905},
          {q2: 19.905}, {q2: 22.905},
          {q2: 16.905}, {q2: 19.905}, {q2: 22.905} ]
    options:
        [ {form-factors: BSZ2015}, {form-factors: BSZ2015}, {form-factors: BSZ2015},
          {form-factors: BSZ2015}, {form-factors: BSZ2015},
          {form-factors: BSZ2015}, {form-factors: BSZ2015}, {form-factors: BSZ2015} ]
    means: [1.16396, 1.65497, 2.65591, 0.693256, 0.84889, 1.14433, 1.64983, 2.65129]
    sigma-stat-hi: [0.0198015, 0.0251022, 0.0456204, 0.00911615, 0.013918, 0.0266823, 0.0337653, 0.0626779]
    sigma-stat-lo: [0.0198015, 0.0251022, 0.0456204, 0.00911615, 0.013918, 0.0266823, 0.0337653, 0.0626779]
    sigma-sys: [0, 0, 0, 0, 0, 0, 0, 0]
    correlations:
        - [ 1.000000, 0.867848, 0.508089, 0.597724, 0.323606, 0.719692, 0.608892, 0.361997 ]
        - [ 0.867848, 1.000000, 0.844994, 0.710188, 0.623434, 0.664552, 0.765025, 0.644455 ]
        - [ 0.508089, 0.844994, 1.000000, 0.639303, 0.701496, 0.408414, 0.714665, 0.794567 ]
        - [ 0.597724, 0.710188, 0.639303, 1.000000, 0.844662, 0.546128, 0.690391, 0.641403 ]
        - [ 0.323606, 0.623434, 0.701496, 0.844662, 1.000000, 0.383918, 0.651146, 0.697073 ]
        - [ 0.719692, 0.664552, 0.408414, 0.546128, 0.383918, 1.000000, 0.787240, 0.503828 ]
        - [ 0.608892, 0.765025, 0.714665, 0.690391, 0.651146, 0.787240, 1.000000, 0.900281 ]
        - [ 0.361997, 0.644455, 0.794567, 0.641403, 0.697073, 0.503828, 0.900281, 1.000000 ]
B->K::f_+@KMO:2006A:
  type: Gaussian
  observable: 'B->K::f_+(q2)'
  kinematics: {q2: 0}
  options: {form-factors: BSZ2015}
  mean: 0.31
  sigma-stat: {hi: 0.04, lo: 0.04}
  sigma-sys: {hi: 0, lo: 0}
B->K::f_T@KMO:2006A:
  type: Gaussian
  observable: 'B->K::f_T(q2)'
  kinematics: {q2: 0}
  options: {form-factors: BSZ2015}
  mean: 0.27
  sigma-stat: {hi: 0.04, lo: 0.04}
  sigma-sys: {hi: 0, lo: 0}
B->K::FormFactors[f_+,f_0,f_T]@GKvD:2018A:
  type: MultivariateGaussian(Covariance)
  observables: ['B->K::f_+(q2)', 'B->K::f_+(q2)', 'B->K::f_+(q2)', 'B->K::f_+(q2)', 'B->K::f_+(q2)',
    'B->K::f_0(q2)', 'B->K::f_0(q2)', 'B->K::f_0(q2)', 'B->K::f_0(q2)', 'B->K::f_T(q2)',
    'B->K::f_T(q2)', 'B->K::f_T(q2)', 'B->K::f_T(q2)', 'B->K::f_T(q2)']
  kinematics:
  - {q2: -15.0}
  - {q2: -10.0}
  - {q2: -5.0}
  - {q2: 0.0}
  - {q2: 5.0}
  - {q2: -15.0}
  - {q2: -10.0}
  - {q2: -5.0}
  - {q2: 5.0}
  - {q2: -15.0}
  - {q2: -10.0}
  - {q2: -5.0}
  - {q2: 0.0}
  - {q2: 5.0}
  options:
  - {form-factors: BSZ2015}
  - {form-factors: BSZ2015}
  - {form-factors: BSZ2015}
  - {form-factors: BSZ2015}
  - {form-factors: BSZ2015}
  - {form-factors: BSZ2015}
  - {form-factors: BSZ2015}
  - {form-factors: BSZ2015}
  - {form-factors: BSZ2015}
  - {form-factors: BSZ2015}
  - {form-factors: BSZ2015}
  - {form-factors: BSZ2015}
  - {form-factors: BSZ2015}
  - {form-factors: BSZ2015}
  means: [0.13714250952324616, 0.16719334425685595, 0.2082636249624461, 0.26635560684714416,
    0.351780331013841, 0.20042250304088455, 0.21883563791430652, 0.2405978421985648,
    0.2962515723314794, 0.1283184862683795, 0.15679175241137858, 0.19591869223569253,
    0.2517099238403456, 0.33482701141691784]
  covariance:
  - [0.0016745666343792832, 0.0018510948810713786, 0.002334403886190477, 0.0030534078724643965,
    0.0042240016589724216, 0.0021216025853505634, 0.0023568694902738985, 0.002655979584905965,
    0.0036201944920262906, 0.0012314820822456028, 0.0015153979401317283, 0.0019176853994168637,
    0.0025243490500580054, 0.0035376341257700146]
  - [0.0018510948810713786, 0.0025220061772519365, 0.0028672585298537656, 0.003750851849588285,
    0.005189826124684585, 0.0026057364144055533, 0.0028948180208579737, 0.003262387832294734,
    0.004447611602949481, 0.001512976698865152, 0.0018619416269735724, 0.0023564812883517115,
    0.0031024354441116756, 0.004348779290649183]
  - [0.002334403886190477, 0.0028672585298537656, 0.004002327090768, 0.00473194558907469,
    0.006549004588643579, 0.003286506415855549, 0.0036513309668810548, 0.004115279365344109,
    0.005611822090474403, 0.0019090543068615159, 0.002349630655198335, 0.0029741390343042936,
    0.0039164266345752255, 0.005491499967844776]
  - [0.0030534078724643965, 0.003750851849588285, 0.00473194558907469, 0.006823575569095358,
    0.008573844767848912, 0.004299559490276447, 0.004777244930981178, 0.005384850877131489,
    0.007345808621827789, 0.0024989696184864966, 0.0030761674888586618, 0.003894596622167661,
    0.005130024806591134, 0.0071963934458636825]
  - [0.0042240016589724216, 0.005189826124684585, 0.006549004588643579, 0.008573844767848912,
    0.012977782108901935, 0.005949599966027054, 0.006611470178971336, 0.007453638256231307,
    0.010173809739683553, 0.0034610262091710918, 0.004261461565590621, 0.005396989759758043,
    0.007112249717682028, 0.009983970901324102]
  - [0.0021216025853505634, 0.0026057364144055533, 0.003286506415855549, 0.004299559490276447,
    0.005949599966027054, 0.003344368557077662, 0.003318486869979487, 0.0037397532204653645,
    0.00509807523058836, 0.0017347483241732728, 0.0021349822805023597, 0.0027022368626860513,
    0.00355798760382368, 0.004988033791526927]
  - [0.0023568694902738985, 0.0028948180208579737, 0.0036513309668810548, 0.004777244930981178,
    0.006611470178971336, 0.003318486869979487, 0.004112565022000043, 0.0041549460444376615,
    0.005665050425256805, 0.0019275732325964978, 0.002372415742758066, 0.0030029620715495264,
    0.003954335633403389, 0.005544521446595857]
  - [0.002655979584905965, 0.003262387832294734, 0.004115279365344109, 0.005384850877131489,
    0.007453638256231307, 0.0037397532204653645, 0.0041549460444376615, 0.005197733591497104,
    0.006386410733369471, 0.0021728514368831104, 0.0026744778437633376, 0.003385613388540135,
    0.00445879100724389, 0.006253078027596619]
  - [0.0036201944920262906, 0.004447611602949481, 0.005611822090474403, 0.007345808621827789,
    0.010173809739683553, 0.00509807523058836, 0.005665050425256805, 0.006386410733369471,
