# vim: set fdm=marker :

#########################
# B -> D^* form factors #
#########################
# {{{
B->D^*::A_1[s_max]@Fermilab-MILC-2014:
    type: Gaussian
    observable: B->D^*::A_1(s)
    kinematics: {s: 10.68}
    options: {form-factors: BSZ2015}
    mean: 0.809471
    sigma-stat: {hi: 0.00357382, lo: -0.00357382}
    sigma-sys:  {hi: 0.0107215,  lo: -0.0107215}
    dof: 1
# }}}

#########################
# B -> D^* form factors #
#########################
# {{{
B->D^*::A_1[s_max]@HPQCD-2017:
    type: Gaussian
    observable: B->D^*::A_1(s)
    kinematics: {s: 10.68}
    options: {form-factors: BSZ2015}
    mean: 0.799643
    sigma-stat: {hi: 0.00893455, lo: -0.00893455}
    sigma-sys:  {hi: 0.0214429,  lo: -0.0214429}
    dof: 1
# }}}

#########################
# B -> K^* form factors #
#########################
# {{{
B->K^*::A_12@MILC-2013A:
    type: MultivariateGaussian
    dim: 2
    observables:
        -   B->K^*::A_12(s)
        -   B->K^*::A_12(s)
    kinematics:
        -   {s: 15}
        -   {s: 19.21}
    options:
        -   {form-factors: KMPW2010}
        -   {form-factors: KMPW2010}
    means: [0.371041, 0.440076]
    sigma-stat-hi: [0.0306946, 0.0273783]
    sigma-stat-lo: [0.0306946, 0.0273783]
    sigma-sys: [0, 0]
    correlations:
        -   [1, 0.204495]
        -   [0.204495, 1]
    dof: 0
B->K^*::A_1@MILC-2013A:
    type: MultivariateGaussian
    dim: 2
    observables:
        -   B->K^*::A_1(s)
        -   B->K^*::A_1(s)
    kinematics:
        -   {s: 15}
        -   {s: 19.21}
    options:
        -   {form-factors: KMPW2010}
        -   {form-factors: KMPW2010}
    means: [0.515837, 0.644548]
    sigma-stat-hi: [0.0293675, 0.0195013]
    sigma-stat-lo: [0.0293675, 0.0195013]
    sigma-sys: [0, 0]
    correlations:
        -   [1, 0.52072]
        -   [0.52072, 1]
    dof: 0
B->K^*::V@MILC-2013A:
    type: MultivariateGaussian
    dim: 2
    observables:
        -   B->K^*::V(s)
        -   B->K^*::V(s)
    kinematics:
        -   {s: 15}
        -   {s: 19.21}
    options:
        -   {form-factors: KMPW2010}
        -   {form-factors: KMPW2010}
    means: [1.19122, 1.97758]
    sigma-stat-hi: [0.09991659999999999, 0.112599]
    sigma-stat-lo: [0.09991659999999999, 0.112599]
    sigma-sys: [0, 0]
    correlations:
        -   [1, 0.461948]
        -   [0.461948, 1]
    dof: 0
B->K^*::V+A_0+A_1+A_12@HLMW2015:
    type: MultivariateGaussian(Covariance)
    dim: 48
    observables:
        -   B->K^*::V(s)
        -   B->K^*::V(s)
        -   B->K^*::V(s)
        -   B->K^*::V(s)
        -   B->K^*::V(s)
        -   B->K^*::V(s)
        -   B->K^*::V(s)
        -   B->K^*::V(s)
        -   B->K^*::V(s)
        -   B->K^*::V(s)
        -   B->K^*::V(s)
        -   B->K^*::V(s)
        -   B->K^*::A_1(s)
        -   B->K^*::A_1(s)
        -   B->K^*::A_1(s)
        -   B->K^*::A_1(s)
        -   B->K^*::A_1(s)
        -   B->K^*::A_1(s)
        -   B->K^*::A_1(s)
        -   B->K^*::A_1(s)
        -   B->K^*::A_1(s)
        -   B->K^*::A_1(s)
        -   B->K^*::A_1(s)
        -   B->K^*::A_1(s)
        -   B->K^*::A_12(s)
        -   B->K^*::A_12(s)
        -   B->K^*::A_12(s)
        -   B->K^*::A_12(s)
        -   B->K^*::A_12(s)
        -   B->K^*::A_12(s)
        -   B->K^*::A_12(s)
        -   B->K^*::A_12(s)
        -   B->K^*::A_12(s)
        -   B->K^*::A_12(s)
        -   B->K^*::A_12(s)
        -   B->K^*::A_12(s)
        -   B->K^*::A_0(s)
        -   B->K^*::A_0(s)
        -   B->K^*::A_0(s)
        -   B->K^*::A_0(s)
        -   B->K^*::A_0(s)
        -   B->K^*::A_0(s)
        -   B->K^*::A_0(s)
        -   B->K^*::A_0(s)
        -   B->K^*::A_0(s)
        -   B->K^*::A_0(s)
        -   B->K^*::A_0(s)
        -   B->K^*::A_0(s)
    kinematics:
        -   {s: 16.5179098782}
        -   {s: 14.9296311557}
        -   {s: 13.9898947981}
        -   {s: 12.9663104802}
        -   {s: 16.2551930084}
        -   {s: 14.9875855712}
        -   {s: 13.9849812172}
        -   {s: 12.8588109331}
        -   {s: 15.6490320061}
        -   {s: 14.2961458423}
        -   {s: 13.2122218257}
        -   {s: 11.9180885363}
        -   {s: 17.767122327}
        -   {s: 16.5179098782}
        -   {s: 14.9296311557}
        -   {s: 12.9663104802}
        -   {s: 17.7899990577}
        -   {s: 16.2551930084}
        -   {s: 14.9875855712}
        -   {s: 12.8588109331}
        -   {s: 17.0322061886}
        -   {s: 15.6490320061}
        -   {s: 14.2961458423}
        -   {s: 11.9180885363}
        -   {s: 16.5179098782}
        -   {s: 14.9296311557}
        -   {s: 13.9898947981}
        -   {s: 12.9663104802}
        -   {s: 16.2551930084}
        -   {s: 14.9875855712}
        -   {s: 13.9849812172}
        -   {s: 12.8588109331}
        -   {s: 15.6490320061}
        -   {s: 14.2961458423}
        -   {s: 13.2122218257}
        -   {s: 11.9180885363}
        -   {s: 16.5179098782}
        -   {s: 14.9296311557}
        -   {s: 13.9898947981}
        -   {s: 12.9663104802}
        -   {s: 16.2551930084}
        -   {s: 14.9875855712}
        -   {s: 13.9849812172}
        -   {s: 12.8588109331}
        -   {s: 15.6490320061}
        -   {s: 14.2961458423}
        -   {s: 13.2122218257}
        -   {s: 11.9180885363}
    options:
        -   {form-factors: BSZ2015}
        -   {form-factors: BSZ2015}
        -   {form-factors: BSZ2015}
        -   {form-factors: BSZ2015}
        -   {form-factors: BSZ2015}
        -   {form-factors: BSZ2015}
        -   {form-factors: BSZ2015}
        -   {form-factors: BSZ2015}
        -   {form-factors: BSZ2015}
        -   {form-factors: BSZ2015}
        -   {form-factors: BSZ2015}
        -   {form-factors: BSZ2015}
        -   {form-factors: BSZ2015}
        -   {form-factors: BSZ2015}
        -   {form-factors: BSZ2015}
        -   {form-factors: BSZ2015}
        -   {form-factors: BSZ2015}
        -   {form-factors: BSZ2015}
        -   {form-factors: BSZ2015}
        -   {form-factors: BSZ2015}
        -   {form-factors: BSZ2015}
        -   {form-factors: BSZ2015}
        -   {form-factors: BSZ2015}
        -   {form-factors: BSZ2015}
        -   {form-factors: BSZ2015}
        -   {form-factors: BSZ2015}
        -   {form-factors: BSZ2015}
        -   {form-factors: BSZ2015}
        -   {form-factors: BSZ2015}
        -   {form-factors: BSZ2015}
        -   {form-factors: BSZ2015}
        -   {form-factors: BSZ2015}
        -   {form-factors: BSZ2015}
        -   {form-factors: BSZ2015}
        -   {form-factors: BSZ2015}
        -   {form-factors: BSZ2015}
        -   {form-factors: BSZ2015}
        -   {form-factors: BSZ2015}
        -   {form-factors: BSZ2015}
        -   {form-factors: BSZ2015}
        -   {form-factors: BSZ2015}
        -   {form-factors: BSZ2015}
        -   {form-factors: BSZ2015}
        -   {form-factors: BSZ2015}
        -   {form-factors: BSZ2015}
        -   {form-factors: BSZ2015}
        -   {form-factors: BSZ2015}
        -   {form-factors: BSZ2015}
    means: [1.41654756, 1.19402316, 1.06139874, 0.98029398, 1.41456527, 1.38416036, 1.3568178, 1.0031494, 1.30654947, 1.10920364, 1.03058181, 0.72171754, 0.56552245, 0.4972255, 0.46514096, 0.45514081, 0.54684044, 0.52813813, 0.51173916, 0.40282807, 0.54058157, 0.51625489, 0.47855314, 0.41713015, 0.37980242, 0.34367319, 0.34415972, 0.33971277, 0.34482022, 0.42729289, 0.28990601, 0.31845106, 0.37294807, 0.33592982, 0.34252166, 0.34954018, 1.40033868, 1.22824918, 1.17492672, 0.95528844, 1.21238441, 1.30580617, 0.98476889, 0.84125097, 1.35984599, 1.02937473, 1.0462483, 0.89997334]
    covariance:
        -   [0.0116627106, 0.00749153547, 0.0064583844, 0.008150070380000001, 0.00655522244, 0.0052172493, 0.00581927477, 0.00532914011, 0.0110130135, 0.00979601309, 0.0089642443, 0.00679804829, 0.00200272362, 0.00176085892, 0.00164723575, 0.00161182151, 0.00193656372, 0.00187033196, 0.00181225715, 0.0014265628, 0.00191439876, 0.00182824903, 0.00169473322, 0.00147721175, 0.0013450205, 0.00121707356, 0.00121879652, 0.00120304825, 0.00122113562, 0.00151320174, 0.00102666411, 0.00112775268, 0.00132074669, 0.00118965143, 0.00121299554, 0.00123785073, 0.00495911584, 0.00434968347, 0.00416084895, 0.00338302876, 0.00429350045, 0.00462434137, 0.00348742991, 0.00297918002, 0.00481571629, 0.00364539565, 0.00370515119, 0.00318713761]
        -   [0.00749153547, 0.00796299365, 0.0071245973, 0.00627992088, 0.00619790293, 0.00574700092, 0.00668600916, 0.00561712859, 0.008940930870000001, 0.00742951189, 0.00766363426, 0.00549036526, 0.00168811726, 0.0014842469, 0.00138847271, 0.00135862166, 0.00163235036, 0.0015765229, 0.00152757102, 0.00120246511, 0.00161366728, 0.00154105075, 0.00142850884, 0.00124515765, 0.00113373223, 0.00102588438, 0.00102733668, 0.00101406229, 0.00102930833, 0.001275494, 0.000865386208, 0.000950594845, 0.00111327157, 0.00100276997, 0.00102244697, 0.00104339768, 0.00418009202, 0.00366639492, 0.00350722428, 0.00285159129, 0.00361903765, 0.00389790701, 0.00293959213, 0.00251118284, 0.004059219, 0.00307274315, 0.00312311174, 0.00268647253]
        -   [0.0064583844, 0.0071245973, 0.008810595609999999, 0.00575039374, 0.00538962278, 0.00527100095, 0.00650638686, 0.00551867632, 0.00804887956, 0.0075988934, 0.00648615802, 0.00618843541, 0.00150061204, 0.00131938629, 0.00123425008, 0.0012077147, 0.00145103937, 0.00140141287, 0.00135789825, 0.00106890301, 0.00143443149, 0.00136988073, 0.00126983926, 0.00110685354, 0.00100780453, 0.000911935732, 0.00091322672, 0.000901426766, 0.000914979375, 0.00113382032, 0.000769264668, 0.000845008877, 0.0009896165169999999, 0.0008913887209999999, 0.0009088801330000001, 0.000927503766, 0.00371579425, 0.00325915533, 0.00311766434, 0.00253485485, 0.0032170582, 0.00346495255, 0.00261308112, 0.00223225678, 0.00360834703, 0.00273144259, 0.00277621655, 0.00238807642]
        -   [0.008150070380000001, 0.00627992088, 0.00575039374, 0.0228639916, 0.00582493292, 0.00353803685, 0.00376667462, 0.00743132038, 0.008002083179999999, 0.00402834482, 0.00664685465, 0.00447052703, 0.00138594564, 0.00121856792, 0.00113993723, 0.00111542949, 0.00134016098, 0.00129432659, 0.00125413705, 0.000987224834, 0.00132482215, 0.00126520392, 0.00117280692, 0.00102227545, 0.000930795081, 0.00084225191, 0.00084344425, 0.000832545967, 0.00084506298, 0.00104718161, 0.000710482783, 0.000780439143, 0.000913996867, 0.000823274959, 0.000839429799, 0.000856630343, 0.00343185895, 0.00301011322, 0.00287943399, 0.00234115877, 0.00297123286, 0.00320018484, 0.00241340754, 0.00206168316, 0.0033326221, 0.00252272463, 0.00256407728, 0.00220559614]
        -   [0.00655522244, 0.00619790293, 0.00538962278, 0.00582493292, 0.01513277, 0.0118107593, 0.00869859305, 0.008745512760000001, 0.009355574110000001, 0.00751380725, 0.008384282410000001, 0.00778812179, 0.00199992104, 0.0017583948, 0.00164493063, 0.00160956595, 0.00193385372, 0.00186771465, 0.00180972111, 0.00142456649, 0.00191171978, 0.00182569061, 0.00169236164, 0.00147514456, 0.0013431383, 0.00121537041, 0.00121709095, 0.00120136472, 0.00121942678, 0.00151108419, 0.00102522741, 0.00112617452, 0.00131889845, 0.00118798665, 0.0012112981, 0.0012361185, 0.00495217613, 0.00434359658, 0.00415502633, 0.0033782946, 0.00428749219, 0.00461787013, 0.00348254965, 0.002975011, 0.00480897725, 0.00364029434, 0.00369996625, 0.00318267758]
        -   [0.0052172493, 0.00574700092, 0.00527100095, 0.00353803685, 0.0118107593, 0.0196905962, 0.0116325353, 0.00637505422, 0.008319547490000001, 0.00566319186, 0.00593629621, 0.00508714414, 0.0019569344, 0.00172059957, 0.00160957422, 0.00157496967, 0.00189228715, 0.00182756968, 0.00177082266, 0.00139394662, 0.00187062896, 0.00178644891, 0.00165598574, 0.00144343756, 0.00131426866, 0.00118924703, 0.0011909306, 0.00117554238, 0.00119321622, 0.00147860469, 0.001003191, 0.00110196833, 0.00129054983, 0.00116245186, 0.00118526225, 0.00120954916, 0.00484573323, 0.00425023459, 0.00406571749, 0.00330568097, 0.00419533611, 0.00451861286, 0.00340769515, 0.00291106561, 0.00470561229, 0.00356204924, 0.00362043856, 0.00311426858]
        -   [0.00581927477, 0.00668600916, 0.00650638686, 0.00376667462, 0.00869859305, 0.0116325353, 0.0247754589, 0.009005443760000001, 0.00656037367, 0.00454395419, 0.00604464713, 0.00592041532, 0.00191827732, 0.00168661102, 0.00157777885, 0.00154385787, 0.0018549071, 0.00179146805, 0.001735842, 0.00136641073, 0.00183367674, 0.00175115957, 0.00162327356, 0.00141492403, 0.00128830672, 0.00116575476, 0.00116740507, 0.00115232084, 0.00116964554, 0.00144939648, 0.0009833740679999999, 0.00108020016, 0.00126505644, 0.0011394889, 0.0011618487, 0.00118565585, 0.0047500111, 0.00416627588, 0.00398540371, 0.00324038088, 0.00411246186, 0.00442935263, 0.00334037987, 0.00285356071, 0.00461265809, 0.00349168488, 0.00354892077, 0.00305274962]
        -   [0.00532914011, 0.00561712859, 0.00551867632, 0.00743132038, 0.008745512760000001, 0.00637505422, 0.009005443760000001, 0.0276107295, 0.00778861971, 0.008556575259999999, 0.00549022011, 0.00273002423, 0.00141825877, 0.00124697866, 0.0011665147, 0.00114143557, 0.00137140664, 0.00132450363, 0.00128337708, 0.00101024184, 0.0013557102, 0.00129470197, 0.00120015075, 0.00104610966, 0.000952496438, 0.000861888895, 0.000863109035, 0.00085195666, 0.000864765504, 0.00107159651, 0.000727047589, 0.000798634972, 0.000935306575, 0.0008424695, 0.000859000987, 0.000876602559, 0.00351187226, 0.00308029358, 0.00294656759, 0.00239574256, 0.00304050674, 0.0032747967, 0.0024696758, 0.00210975101, 0.00341032172, 0.00258154161, 0.00262385838, 0.0022570193]
        -   [0.0110130135, 0.008940930870000001, 0.00804887956, 0.008002083179999999, 0.009355574110000001, 0.008319547490000001, 0.00656037367, 0.00778861971, 0.026187187, 0.0216239884, 0.0190189039, 0.017281559, 0.00184720764, 0.00162412428, 0.0015193242, 0.00148665995, 0.00178618521, 0.00172509649, 0.00167153132, 0.001315787, 0.00176574141, 0.00168628139, 0.00156313339, 0.00136250294, 0.00124057664, 0.00112256507, 0.00112415424, 0.00110962885, 0.0011263117, 0.00139569823, 0.000946941342, 0.00104018015, 0.00121818775, 0.00109727233, 0.00111880372, 0.00114172884, 0.00457402938, 0.00401192079, 0.00383774971, 0.003120329, 0.00396010051, 0.00426525089, 0.00321662316, 0.00274784001, 0.00444176513, 0.00336232251, 0.00341743789, 0.00293964923]
        -   [0.00979601309, 0.00742951189, 0.0075988934, 0.00402834482, 0.00751380725, 0.00566319186, 0.00454395419, 0.008556575259999999, 0.0216239884, 0.0301068213, 0.0171198873, 0.0149421281, 0.0015681989, 0.00137881083, 0.00128984012, 0.0012621096, 0.0015163935, 0.00146453184, 0.00141905734, 0.0011170459, 0.00149903761, 0.00143157952, 0.00132703222, 0.0011567057, 0.00105319558, 0.000953008889, 0.000954358022, 0.000942026604, 0.000956189616, 0.00118488706, 0.000803911987, 0.00088306768, 0.00103418838, 0.00093153645, 0.0009498156669999999, 0.000969278099, 0.00388315188, 0.00340594615, 0.00325808248, 0.00264902352, 0.00336195299, 0.00362101238, 0.00273077307, 0.00233279658, 0.00377086528, 0.00285446548, 0.00290125604, 0.00249563426]
        -   [0.0089642443, 0.00766363426, 0.00648615802, 0.00664685465, 0.008384282410000001, 0.00593629621, 0.00604464713, 0.00549022011, 0.0190189039, 0.0171198873, 0.0201116134, 0.013247915, 0.00145704289, 0.00128107889, 0.00119841455, 0.0011726496, 0.00140890953, 0.00136072389, 0.00131847268, 0.00103786821, 0.00139278384, 0.00133010727, 0.00123297042, 0.00107471687, 0.000978543681, 0.000885458358, 0.000886711864, 0.000875254513, 0.000888413632, 0.00110090069, 0.0007469296420000001, 0.000820474675, 0.000960883739, 0.000865507914, 0.0008824914760000001, 0.000900574386, 0.00360790894, 0.00316452818, 0.00302714528, 0.00246125723, 0.00312365331, 0.00336435023, 0.00253721226, 0.00216744487, 0.00350358136, 0.00265213719, 0.00269561117, 0.0023187404]
        -   [0.00679804829, 0.00549036526, 0.00618843541, 0.00447052703, 0.00778812179, 0.00508714414, 0.00592041532, 0.00273002423, 0.017281559, 0.0149421281, 0.013247915, 0.0391671013, 0.00102036868, 0.000897140909, 0.000839250981, 0.00082120776, 0.000986660837, 0.000952916383, 0.000923327819, 0.000726820207, 0.000975368, 0.000931475529, 0.000863450493, 0.000752625366, 0.000685275178, 0.000620087428, 0.000620965259, 0.000612941664, 0.000622157009, 0.000770961924, 0.000523075621, 0.000574579285, 0.000672907902, 0.00060611611, 0.000618009717, 0.000630673198, 0.00252662246, 0.00221612244, 0.00211991305, 0.00172362105, 0.00218749773, 0.00235605804, 0.00177681244, 0.00151786394, 0.00245356175, 0.00185729449, 0.00188773936, 0.00162381637]
        -   [0.00200272362, 0.00168811726, 0.00150061204, 0.00138594564, 0.00199992104, 0.0019569344, 0.00191827732, 0.00141825877, 0.00184720764, 0.0015681989, 0.00145704289, 0.00102036868, 0.00105033096, 0.000947651027, 0.00083213283, 0.000760606608, 0.000833584901, 0.000774835597, 0.000793930031, 0.000663219191, 0.000971372459, 0.000919579521, 0.000822721346, 0.000803966624, 0.000536966995, 0.000485887267, 0.000486575116, 0.000480287999, 0.000487508946, 0.0006041093, 0.000409870887, 0.000450228058, 0.000527276262, 0.000474939641, 0.000484259217, 0.00049418205, 0.0019798074, 0.00173650622, 0.0016611186, 0.00135059265, 0.00171407651, 0.00184615677, 0.00139227228, 0.00118936577, 0.00192255859, 0.0014553363, 0.00147919225, 0.00127238783]
        -   [0.00176085892, 0.0014842469, 0.00131938629, 0.00121856792, 0.0017583948, 0.00172059957, 0.00168661102, 0.00124697866, 0.00162412428, 0.00137881083, 0.00128107889, 0.000897140909, 0.000947651027, 0.00145432384, 0.00108504506, 0.000971088387, 0.00076026953, 0.0006889649419999999, 0.000856791039, 0.000568351501, 0.000876328386, 0.00079729516, 0.000649094182, 0.000656763984, 0.000472118626, 0.000427207688, 0.000427812467, 0.000422284632, 0.000428633521, 0.000531152296, 0.000360371645, 0.000395854966, 0.000463598222, 0.000417582184, 0.000425776254, 0.000434500728, 0.00174071024, 0.00152679203, 0.00146050881, 0.00118748442, 0.00150707111, 0.00162320031, 0.0012241305, 0.00104572858, 0.00169037525, 0.00127957841, 0.00130055333, 0.00111872424]
        -   [0.00164723575, 0.00138847271, 0.00123425008, 0.00113993723, 0.00164493063, 0.00160957422, 0.00157777885, 0.0011665147, 0.0015193242, 0.00128984012, 0.00119841455, 0.000839250981, 0.00083213283, 0.00108504506, 0.00169953051, 0.000907113975, 0.000718386601, 0.000686671338, 0.000640331006, 0.000578498872, 0.00078285137, 0.000725792847, 0.000633879008, 0.000489937091, 0.000441654166, 0.000399641202, 0.000400206957, 0.000395035816, 0.00040097503, 0.000496878563, 0.000337117897, 0.000370311582, 0.000433683559, 0.000390636804, 0.000398302135, 0.000406463643, 0.00162838721, 0.00142827253, 0.00136626637, 0.00111085946, 0.00140982413, 0.00151845986, 0.00114514087, 0.0009782507169999999, 0.00158130019, 0.00119701089, 0.00121663236, 0.00104653617]
        -   [0.00161182151, 0.00135862166, 0.0012077147, 0.00111542949, 0.00160956595, 0.00157496967, 0.00154385787, 0.00114143557, 0.00148665995, 0.0012621096, 0.0011726496, 0.00082120776, 0.000760606608, 0.000971088387, 0.000907113975, 0.00349877827, 0.000553739752, 0.000457241916, 0.000620183364, 0.0006984310160000001, 0.000608299927, 0.000719901822, 0.000710451341, 0.000535225527, 0.000432158957, 0.000391049238, 0.000391602829, 0.000386542864, 0.000392354389, 0.000486196074, 0.000329870134, 0.000362350181, 0.000424359712, 0.000382238427, 0.000389738959, 0.000397725002, 0.00159337819, 0.00139756582, 0.00133689274, 0.00108697688, 0.00137951405, 0.00148581419, 0.00112052127, 0.000957219114, 0.00154730351, 0.00117127611, 0.00119047574, 0.00102403649]
        -   [0.00193656372, 0.00163235036, 0.00145103937, 0.00134016098, 0.00193385372, 0.00189228715, 0.0018549071, 0.00137140664, 0.00178618521, 0.0015163935, 0.00140890953, 0.000986660837, 0.000833584901, 0.00076026953, 0.000718386601, 0.000553739752, 0.0015284998, 0.000983620792, 0.000798642156, 0.00043350045, 0.00089097707, 0.000911169739, 0.000880551105, 0.00102269121, 0.000519228311, 0.000469835999, 0.000470501125, 0.000464421702, 0.000471404106, 0.000584152571, 0.000396330817, 0.000435354791, 0.00050985771, 0.000459250027, 0.000468261731, 0.000477856764, 0.00191440454, 0.0016791408, 0.00160624361, 0.00130597587, 0.00165745205, 0.00178516905, 0.00134627862, 0.00115007512, 0.00185904694, 0.00140725932, 0.00143032719, 0.00123035454]
        -   [0.00187033196, 0.0015765229, 0.00140141287, 0.00129432659, 0.00186771465, 0.00182756968, 0.00179146805, 0.00132450363, 0.00172509649, 0.00146453184, 0.00136072389, 0.000952916383, 0.000774835597, 0.0006889649419999999, 0.000686671338, 0.000457241916, 0.000983620792, 0.00160625073, 0.00110058093, 0.000803549827, 0.00087416668, 0.0008155722250000001, 0.000957805085, 0.000875448896, 0.000501470359, 0.000453767297, 0.000454409675, 0.000448538173, 0.000455281774, 0.000564174167, 0.000382776041, 0.000420465369, 0.0004924202390000001, 0.000443543372, 0.00045224687, 0.000461513747, 0.00184893063, 0.00162171308, 0.00155130901, 0.00126131063, 0.0016007661, 0.00172411508, 0.001300235, 0.00111074179, 0.0017954663, 0.00135913012, 0.00138140906, 0.0011882756]
        -   [0.00181225715, 0.00152757102, 0.00135789825, 0.00125413705, 0.00180972111, 0.00177082266, 0.001735842, 0.00128337708, 0.00167153132, 0.00141905734, 0.00131847268, 0.000923327819, 0.000793930031, 0.000856791039, 0.000640331006, 0.000620183364, 0.000798642156, 0.00110058093, 0.00141464015, 0.000953790256, 0.000856684261, 0.000789427904, 0.00080350032, 0.000776700961, 0.000485899435, 0.000439677579, 0.000440300011, 0.000434610822, 0.000441145031, 0.000546656257, 0.000370890639, 0.000407409694, 0.000477130327, 0.000429771113, 0.000438204363, 0.000447183497, 0.00179152035, 0.00157135802, 0.00150314004, 0.00122214626, 0.00155106145, 0.00167058038, 0.00125986201, 0.00107625266, 0.00173971611, 0.0013169284, 0.00133851556, 0.00115137901]
        -   [0.0014265628, 0.00120246511, 0.00106890301, 0.000987224834, 0.00142456649, 0.00139394662, 0.00136641073, 0.00101024184, 0.001315787, 0.0011170459, 0.00103786821, 0.000726820207, 0.000663219191, 0.000568351501, 0.000578498872, 0.0006984310160000001, 0.00043350045, 0.000803549827, 0.000953790256, 0.00343421858, 0.000668183621, 0.000696162747, 0.000773513378, 0.000492728641, 0.000382487694, 0.000346103023, 0.000346592986, 0.0003421146, 0.000347258163, 0.00043031392, 0.000291955691, 0.000320702563, 0.000375584875, 0.000338304904, 0.000344943344, 0.000352011491, 0.00141023931, 0.00123693312, 0.00118323366, 0.000962042492, 0.00122095618, 0.00131503845, 0.0009917313730000001, 0.000847198758, 0.00136946033, 0.00103665259, 0.00105364545, 0.000906336312]
        -   [0.00191439876, 0.00161366728, 0.00143443149, 0.00132482215, 0.00191171978, 0.00187062896, 0.00183367674, 0.0013557102, 0.00176574141, 0.00149903761, 0.00139278384, 0.000975368, 0.000971372459, 0.000876328386, 0.00078285137, 0.000608299927, 0.00089097707, 0.00087416668, 0.000856684261, 0.000668183621, 0.00139854787, 0.00125147913, 0.00117263191, 0.0009836280939999999, 0.000513285477, 0.000464458486, 0.000465116, 0.000459106159, 0.000466008645, 0.000577466647, 0.000391794608, 0.000430371933, 0.000504022129, 0.000453993676, 0.000462902237, 0.000472387449, 0.0018924932, 0.00165992218, 0.00158785933, 0.00129102831, 0.00163848167, 0.00176473687, 0.00133086977, 0.00113691192, 0.0018377692, 0.00139115252, 0.00141395637, 0.00121627251]
        -   [0.00182824903, 0.00154105075, 0.00136988073, 0.00126520392, 0.00182569061, 0.00178644891, 0.00175115957, 0.00129470197, 0.00168628139, 0.00143157952, 0.00133010727, 0.000931475529, 0.000919579521, 0.00079729516, 0.000725792847, 0.000719901822, 0.000911169739, 0.0008155722250000001, 0.000789427904, 0.000696162747, 0.00125147913, 0.00140899169, 0.00123860234, 0.00113685249, 0.000490187152, 0.00044355742, 0.000444185346, 0.000438445953, 0.000445037822, 0.000551480109, 0.000374163485, 0.000411004794, 0.000481340662, 0.000433563537, 0.000442071204, 0.000451129573, 0.00180732924, 0.00158522413, 0.00151640418, 0.00123293083, 0.00156474846, 0.00168532207, 0.00127097939, 0.00108574982, 0.00175506787, 0.00132854935, 0.00135032701, 0.00116153911]
        -   [0.00169473322, 0.00142850884, 0.00126983926, 0.00117280692, 0.00169236164, 0.00165598574, 0.00162327356, 0.00120015075, 0.00156313339, 0.00132703222, 0.00123297042, 0.000863450493, 0.000822721346, 0.000649094182, 0.000633879008, 0.000710451341, 0.000880551105, 0.000957805085, 0.00080350032, 0.000773513378, 0.00117263191, 0.00123860234, 0.00178635029, 0.00114936947, 0.000454389112, 0.000411164718, 0.000411746786, 0.000406426538, 0.000412537007, 0.000511205885, 0.000346838576, 0.000380989388, 0.000446188675, 0.000401900681, 0.000409787039, 0.000418183882, 0.00167534119, 0.00146945627, 0.00140566219, 0.00114289071, 0.00145047593, 0.00156224412, 0.00117816062, 0.00100645824, 0.00162689643, 0.00123152628, 0.00125171353, 0.00107671268]
        -   [0.00147721175, 0.00124515765, 0.00110685354, 0.00102227545, 0.00147514456, 0.00144343756, 0.00141492403, 0.00104610966, 0.00136250294, 0.0011567057, 0.00107471687, 0.000752625366, 0.000803966624, 0.000656763984, 0.000489937091, 0.000535225527, 0.00102269121, 0.000875448896, 0.000776700961, 0.000492728641, 0.0009836280939999999, 0.00113685249, 0.00114936947, 0.00345963121, 0.000396067608, 0.000358391128, 0.000358898487, 0.0003542611, 0.000359587281, 0.000445591865, 0.00030232134, 0.000332088846, 0.000388919709, 0.000350316144, 0.000357190276, 0.000364509372, 0.00146030871, 0.00128084942, 0.0012252434, 0.000996199026, 0.00126430523, 0.00136172782, 0.00102694199, 0.00087727786, 0.00141808191, 0.00107345809, 0.00109105428, 0.0009385150430000001]
        -   [0.0013450205, 0.00113373223, 0.00100780453, 0.000930795081, 0.0013431383, 0.00131426866, 0.00128830672, 0.000952496438, 0.00124057664, 0.00105319558, 0.000978543681, 0.000685275178, 0.000536966995, 0.000472118626, 0.000441654166, 0.000432158957, 0.000519228311, 0.000501470359, 0.000485899435, 0.000382487694, 0.000513285477, 0.000490187152, 0.000454389112, 0.000396067608, 0.000704849673, 0.000546701282, 0.000493484802, 0.000744829962, 0.0004378677, 0.000467171881, 0.000456147849, 0.000449669426, 0.000734567494, 0.000612454427, 0.000508546766, 0.000628601201, 0.00156385469, 0.00131293893, 0.00128654836, 0.00143809711, 0.00101443327, 0.00127128326, 0.000835335045, 0.000915299594, 0.00122312381, 0.0008608027810000001, 0.000763265976, 0.000794814777]
        -   [0.00121707356, 0.00102588438, 0.000911935732, 0.00084225191, 0.00121537041, 0.00118924703, 0.00116575476, 0.000861888895, 0.00112256507, 0.000953008889, 0.000885458358, 0.000620087428, 0.000485887267, 0.000427207688, 0.000399641202, 0.000391049238, 0.000469835999, 0.000453767297, 0.000439677579, 0.000346103023, 0.000464458486, 0.00044355742, 0.000411164718, 0.000358391128, 0.000546701282, 0.000845756086, 0.00053422897, 0.00079180492, 0.000571888753, 0.000568230054, 0.00078106125, 0.000375531134, 0.000607606788, 0.000624590634, 0.000517497842, 0.000533033829, 0.00135645413, 0.00166752429, 0.00107724973, 0.00145066027, 0.00131063879, 0.00134265288, 0.00131170005, 0.000747138541, 0.00101714463, 0.000894399194, 0.00114275093, 0.000808201181]
        -   [0.00121879652, 0.00102733668, 0.00091322672, 0.00084344425, 0.00121709095, 0.0011909306, 0.00116740507, 0.000863109035, 0.00112415424, 0.000954358022, 0.000886711864, 0.000620965259, 0.000486575116, 0.000427812467, 0.000400206957, 0.000391602829, 0.000470501125, 0.000454409675, 0.000440300011, 0.000346592986, 0.000465116, 0.000444185346, 0.000411746786, 0.000358898487, 0.000493484802, 0.00053422897, 0.000835492795, 0.000700333288, 0.000337784113, 0.00041202517, -0.000424580452, 0.000408990045, 0.000605495682, 0.000588293491, 0.000548859822, 0.000531118908, 0.00115629002, 0.00120158071, 0.00187883558, 0.00114047363, 0.00117349678, 0.00100235517, 0.000203437868, 0.00126090814, 0.00107363243, 0.000916279529, 0.000688048208, 0.00131847608]
        -   [0.00120304825, 0.00101406229, 0.000901426766, 0.000832545967, 0.00120136472, 0.00117554238, 0.00115232084, 0.00085195666, 0.00110962885, 0.000942026604, 0.000875254513, 0.000612941664, 0.000480287999, 0.000422284632, 0.000395035816, 0.000386542864, 0.000464421702, 0.000448538173, 0.000434610822, 0.0003421146, 0.000459106159, 0.000438445953, 0.000406426538, 0.0003542611, 0.000744829962, 0.00079180492, 0.000700333288, 0.00756789522, 0.000199374349, 0.00103150868, 0.000183817346, 0.0006373484839999999, 0.000421077641, 0.000472122327, 0.000231408775, 0.00124400834, 0.0014227905, 0.00143298233, 0.000930704025, 0.00805921777, 0.000545398848, 0.00257677852, -0.00010662202, 7.16501311e-05, 0.00149589387, 0.000498951942, 0.00165300146, 0.00228772211]
        -   [0.00122113562, 0.00102930833, 0.000914979375, 0.00084506298, 0.00121942678, 0.00119321622, 0.00116964554, 0.000864765504, 0.0011263117, 0.000956189616, 0.000888413632, 0.000622157009, 0.000487508946, 0.000428633521, 0.00040097503, 0.000392354389, 0.000471404106, 0.000455281774, 0.000441145031, 0.000347258163, 0.000466008645, 0.000445037822, 0.000412537007, 0.000359587281, 0.0004378677, 0.000571888753, 0.000337784113, 0.000199374349, 0.00318161174, 0.000675273607, 0.00107490238, 0.0006448886470000001, 0.000610649172, 0.00057746604, 0.000480122632, 0.00061166436, 0.0016638329, 0.00136807255, 0.000962439621, 0.000504849264, 0.00352613692, 0.00100496214, 0.00118660022, 0.000742587266, 0.000940734522, 0.000926615671, 0.00136626987, 0.000718390101]
        -   [0.00151320174, 0.001275494, 0.00113382032, 0.00104718161, 0.00151108419, 0.00147860469, 0.00144939648, 0.00107159651, 0.00139569823, 0.00118488706, 0.00110090069, 0.000770961924, 0.0006041093, 0.000531152296, 0.000496878563, 0.000486196074, 0.000584152571, 0.000564174167, 0.000546656257, 0.00043031392, 0.000577466647, 0.000551480109, 0.000511205885, 0.000445591865, 0.000467171881, 0.000568230054, 0.00041202517, 0.00103150868, 0.000675273607, 0.00480366347, 0.00495696885, 4.77526132e-05, 0.000865745168, 0.000486454913, 0.0005290060270000001, 0.000752931937, 0.000628924249, 0.00113444548, 0.000591434309, 0.00104509283, 0.000679229881, 0.00656975882, 0.00562161868, 0.000612289899, 0.00183546934, 0.00126296729, 0.001812506, 0.00120100596]
        -   [0.00102666411, 0.000865386208, 0.000769264668, 0.000710482783, 0.00102522741, 0.001003191, 0.0009833740679999999, 0.000727047589, 0.000946941342, 0.000803911987, 0.0007469296420000001, 0.000523075621, 0.000409870887, 0.000360371645, 0.000337117897, 0.000329870134, 0.000396330817, 0.000382776041, 0.000370890639, 0.000291955691, 0.000391794608, 0.000374163485, 0.000346838576, 0.00030232134, 0.000456147849, 0.00078106125, -0.000424580452, 0.000183817346, 0.00107490238, 0.00495696885, 0.0308127198, -0.000320993863, 0.000973979683, 0.000445762161, -0.000154865753, 0.0015038414, -0.000261163315, 0.000206161181, -0.00171824128, -0.000458779393, -0.00379452796, 0.00703343102, 0.0295689467, -0.00123587563, 0.00258422584, 0.00277929929, -0.000378601882, 0.0030603789]
        -   [0.00112775268, 0.000950594845, 0.000845008877, 0.000780439143, 0.00112617452, 0.00110196833, 0.00108020016, 0.000798634972, 0.00104018015, 0.00088306768, 0.000820474675, 0.000574579285, 0.000450228058, 0.000395854966, 0.000370311582, 0.000362350181, 0.000435354791, 0.000420465369, 0.000407409694, 0.000320702563, 0.000430371933, 0.000411004794, 0.000380989388, 0.000332088846, 0.000449669426, 0.000375531134, 0.000408990045, 0.0006373484839999999, 0.0006448886470000001, 4.77526132e-05, -0.000320993863, 0.00295120706, 0.000381616148, 0.000480852027, 0.000354022259, 0.000434691956, 0.00124061065, 0.00113303966, 0.00113317572, 0.000266518032, 0.00247238976, 0.00089651058, 0.000198897459, 0.00411588312, 0.000646648779, 0.000796914278, 0.000929845625, 0.000556817267]
        -   [0.00132074669, 0.00111327157, 0.0009896165169999999, 0.000913996867, 0.00131889845, 0.00129054983, 0.00126505644, 0.000935306575, 0.00121818775, 0.00103418838, 0.000960883739, 0.000672907902, 0.000527276262, 0.000463598222, 0.000433683559, 0.000424359712, 0.00050985771, 0.0004924202390000001, 0.000477130327, 0.000375584875, 0.000504022129, 0.000481340662, 0.000446188675, 0.000388919709, 0.000734567494, 0.000607606788, 0.000605495682, 0.000421077641, 0.000610649172, 0.000865745168, 0.000973979683, 0.000381616148, 0.00185006292, 0.00112631785, 0.000972520588, 0.0011409468, 0.00119282083, 0.00115436836, 0.000869858885, 0.000829136183, 0.00103012551, 0.00157146619, 0.0011494673, 0.00071346279, 0.00212278595, 0.00106578187, 0.00100354814, 0.00113488677]
        -   [0.00118965143, 0.00100276997, 0.0008913887209999999, 0.000823274959, 0.00118798665, 0.00116245186, 0.0011394889, 0.0008424695, 0.00109727233, 0.00093153645, 0.000865507914, 0.00060611611, 0.000474939641, 0.000417582184, 0.000390636804, 0.000382238427, 0.000459250027, 0.000443543372, 0.000429771113, 0.000338304904, 0.000453993676, 0.000433563537, 0.000401900681, 0.000350316144, 0.000612454427, 0.000624590634, 0.000588293491, 0.000472122327, 0.00057746604, 0.000486454913, 0.000445762161, 0.000480852027, 0.00112631785, 0.00156085654, 0.00108972498, 0.0009829080809999999, 0.00119713615, 0.00119499304, 0.000953489597, 0.000728034578, 0.00109610665, 0.000800113601, 0.000670931636, 0.000394186445, 0.00124725275, 0.00171791996, 0.00103758754, 0.00120993724]
        -   [0.00121299554, 0.00102244697, 0.0009088801330000001, 0.000839429799, 0.0012112981, 0.00118526225, 0.0011618487, 0.000859000987, 0.00111880372, 0.0009498156669999999, 0.0008824914760000001, 0.000618009717, 0.000484259217, 0.000425776254, 0.000398302135, 0.000389738959, 0.000468261731, 0.00045224687, 0.000438204363, 0.000344943344, 0.000462902237, 0.000442071204, 0.000409787039, 0.000357190276, 0.000508546766, 0.000517497842, 0.000548859822, 0.000231408775, 0.000480122632, 0.0005290060270000001, -0.000154865753, 0.000354022259, 0.000972520588, 0.00108972498, 0.00234400043, 0.00107495317, 0.00117876923, 0.00119304944, 0.000885787609, 0.000362201277, 0.00102750321, 0.00143589426, 0.000826537984, 0.0007898780790000001, 0.00107513394, 0.0012503031, 0.00248522661, 0.00189995014]
        -   [0.00123785073, 0.00104339768, 0.000927503766, 0.000856630343, 0.0012361185, 0.00120954916, 0.00118565585, 0.000876602559, 0.00114172884, 0.000969278099, 0.000900574386, 0.000630673198, 0.00049418205, 0.000434500728, 0.000406463643, 0.000397725002, 0.000477856764, 0.000461513747, 0.000447183497, 0.000352011491, 0.000472387449, 0.000451129573, 0.000418183882, 0.000364509372, 0.000628601201, 0.000533033829, 0.000531118908, 0.00124400834, 0.00061166436, 0.000752931937, 0.0015038414, 0.000434691956, 0.0011409468, 0.0009829080809999999, 0.00107495317, 0.00240248634, 0.00169973282, 0.0013032474, 0.000758106794, 0.00183244405, 0.0013824305, 0.00199675742, 0.00179287163, 0.00041445401, 0.00142580254, 0.00115308962, 0.00140323524, 0.00402199278]
        -   [0.00495911584, 0.00418009202, 0.00371579425, 0.00343185895, 0.00495217613, 0.00484573323, 0.0047500111, 0.00351187226, 0.00457402938, 0.00388315188, 0.00360790894, 0.00252662246, 0.0019798074, 0.00174071024, 0.00162838721, 0.00159337819, 0.00191440454, 0.00184893063, 0.00179152035, 0.00141023931, 0.0018924932, 0.00180732924, 0.00167534119, 0.00146030871, 0.00156385469, 0.00135645413, 0.00115629002, 0.0014227905, 0.0016638329, 0.000628924249, -0.000261163315, 0.00124061065, 0.00119282083, 0.00119713615, 0.00117876923, 0.00169973282, 0.00917190457, 0.00710852472, 0.00585389292, 0.00609036969, 0.00656707634, 0.00492078547, 0.00358487836, 0.00370572531, 0.00750604852, 0.00619473144, 0.0061804013, 0.00575711022]
        -   [0.00434968347, 0.00366639492, 0.00325915533, 0.00301011322, 0.00434359658, 0.00425023459, 0.00416627588, 0.00308029358, 0.00401192079, 0.00340594615, 0.00316452818, 0.00221612244, 0.00173650622, 0.00152679203, 0.00142827253, 0.00139756582, 0.0016791408, 0.00162171308, 0.00157135802, 0.00123693312, 0.00165992218, 0.00158522413, 0.00146945627, 0.00128084942, 0.00131293893, 0.00166752429, 0.00120158071, 0.00143298233, 0.00136807255, 0.00113444548, 0.000206161181, 0.00113303966, 0.00115436836, 0.00119499304, 0.00119304944, 0.0013032474, 0.00710852472, 0.00771641829, 0.00546786661, 0.00531871486, 0.00535749409, 0.00493872224, 0.00311714586, 0.00390659631, 0.00649534653, 0.00540851364, 0.00636079949, 0.0049274731]
        -   [0.00416084895, 0.00350722428, 0.00311766434, 0.00287943399, 0.00415502633, 0.00406571749, 0.00398540371, 0.00294656759, 0.00383774971, 0.00325808248, 0.00302714528, 0.00211991305, 0.0016611186, 0.00146050881, 0.00136626637, 0.00133689274, 0.00160624361, 0.00155130901, 0.00150314004, 0.00118323366, 0.00158785933, 0.00151640418, 0.00140566219, 0.0012252434, 0.00128654836, 0.00107724973, 0.00187883558, 0.000930704025, 0.000962439621, 0.000591434309, -0.00171824128, 0.00113317572, 0.000869858885, 0.000953489597, 0.000885787609, 0.000758106794, 0.00585389292, 0.00546786661, 0.01253582, 0.00408022244, 0.00394710135, 0.00412160187, 0.00114233505, 0.00554794485, 0.00550647287, 0.00543680078, 0.00429615181, 0.00533418622]
        -   [0.00338302876, 0.00285159129, 0.00253485485, 0.00234115877, 0.0033782946, 0.00330568097, 0.00324038088, 0.00239574256, 0.003120329, 0.00264902352, 0.00246125723, 0.00172362105, 0.00135059265, 0.00118748442, 0.00111085946, 0.00108697688, 0.00130597587, 0.00126131063, 0.00122214626, 0.000962042492, 0.00129102831, 0.00123293083, 0.00114289071, 0.000996199026, 0.00143809711, 0.00145066027, 0.00114047363, 0.00805921777, 0.000504849264, 0.00104509283, -0.000458779393, 0.000266518032, 0.000829136183, 0.000728034578, 0.000362201277, 0.00183244405, 0.00609036969, 0.00531871486, 0.00408022244, 0.013820879, 0.00420450879, 0.00495541051, 0.00118456306, 0.00204428001, 0.00598432041, 0.00370430611, 0.00489779393, 0.00482114306]
        -   [0.00429350045, 0.00361903765, 0.0032170582, 0.00297123286, 0.00428749219, 0.00419533611, 0.00411246186, 0.00304050674, 0.00396010051, 0.00336195299, 0.00312365331, 0.00218749773, 0.00171407651, 0.00150707111, 0.00140982413, 0.00137951405, 0.00165745205, 0.0016007661, 0.00155106145, 0.00122095618, 0.00163848167, 0.00156474846, 0.00145047593, 0.00126430523, 0.00101443327, 0.00131063879, 0.00117349678, 0.000545398848, 0.00352613692, 0.000679229881, -0.00379452796, 0.00247238976, 0.00103012551, 0.00109610665, 0.00102750321, 0.0013824305, 0.00656707634, 0.00535749409, 0.00394710135, 0.00420450879, 0.027003275, 0.00558448977, -0.00102964508, 0.00442564003, 0.00693922375, 0.00701259759, 0.00737404471, 0.00321683952]
        -   [0.00462434137, 0.00389790701, 0.00346495255, 0.00320018484, 0.00461787013, 0.00451861286, 0.00442935263, 0.0032747967, 0.00426525089, 0.00362101238, 0.00336435023, 0.00235605804, 0.00184615677, 0.00162320031, 0.00151845986, 0.00148581419, 0.00178516905, 0.00172411508, 0.00167058038, 0.00131503845, 0.00176473687, 0.00168532207, 0.00156224412, 0.00136172782, 0.00127128326, 0.00134265288, 0.00100235517, 0.00257677852, 0.00100496214, 0.00656975882, 0.00703343102, 0.00089651058, 0.00157146619, 0.000800113601, 0.00143589426, 0.00199675742, 0.00492078547, 0.00493872224, 0.00412160187, 0.00495541051, 0.00558448977, 0.0171561029, 0.0132668164, 0.00503812979, 0.00760764388, 0.00592736822, 0.00707916854, 0.00612496655]
