# vim: set fdm=marker :

#########
# BaBar #
#########
#
# 2010
#
# {{{
B^0->pi^+lnu::BR[0.0,4.0]@BaBar-2010A:
    type: Gaussian
    observable: B->pilnu::BR
    kinematics: {q2_min: 0, q2_max: 4}
    options: {q: d}
    mean: 3.13e-05
    sigma-stat: {hi: 3e-06, lo: -3e-06}
    sigma-sys: {hi: 2.5e-06, lo: -2.5e-06}
    dof: 1
B^0->pi^+lnu::BR[4.0,8.0]@BaBar-2010A:
    type: Gaussian
    observable: B->pilnu::BR
    kinematics: {q2_min: 4, q2_max: 8}
    options: {q: d}
    mean: 3.29e-05
    sigma-stat: {hi: 1.8e-06, lo: -1.8e-06}
    sigma-sys: {hi: 1.6e-06, lo: -1.6e-06}
    dof: 1
B^0->pi^+lnu::BR[8.0,12.0]@BaBar-2010A:
    type: Gaussian
    observable: B->pilnu::BR
    kinematics: {q2_min: 8, q2_max: 12}
    options: {q: d}
    mean: 2.41e-05
    sigma-stat: {hi: 1.8e-06, lo: -1.8e-06}
    sigma-sys: {hi: 1.5e-06, lo: -1.5e-06}
    dof: 1
B^0->pi^+lnu::BR@BaBar-2010B:
    type: MultivariateGaussian
    dim: 6
    observables:
        -   B->pilnu::BR
        -   B->pilnu::BR
        -   B->pilnu::BR
        -   B->pilnu::BR
        -   B->pilnu::BR
        -   B->pilnu::BR
    kinematics:
        -   {q2_min: 0, q2_max: 2}
        -   {q2_min: 2, q2_max: 4}
        -   {q2_min: 4, q2_max: 6}
        -   {q2_min: 6, q2_max: 8}
        -   {q2_min: 8, q2_max: 10}
        -   {q2_min: 10, q2_max: 12}
    options:
        -   {q: d}
        -   {q: d}
        -   {q: d}
        -   {q: d}
        -   {q: d}
        -   {q: d}
    means: [1.28e-05, 1.192e-05, 1.446e-05, 1.437e-05, 1.525e-05, 1.49e-05]
    sigma-stat-hi: [0, 0, 0, 0, 0, 0]
    sigma-stat-lo: [0, 0, 0, 0, 0, 0]
    sigma-sys: [1.96e-06, 1.35e-06, 1.08e-06, 1.05e-06, 1.06e-06, 1.11e-06]
    correlations:
        -   [1, -0.2465, 0.2417, 0.1055, 0.1695, 0.1839]
        -   [-0.2465, 1, -0.2976, 0.09229999999999999, -0.0601, -0.0227]
        -   [0.2417, -0.2976, 1, -0.0192, 0.3264, 0.2382]
        -   [0.1055, 0.09229999999999999, -0.0192, 1, -0.0164, 0.2808]
        -   [0.1695, -0.0601, 0.3264, -0.0164, 1, 0.0202]
        -   [0.1839, -0.0227, 0.2382, 0.2808, 0.0202, 1]
    dof: 6
# }}}
#
# 2012
#
# {{{
B^0->pi^+lnu::BR@BaBar-2012D:
    type: MultivariateGaussian
    dim: 6
    observables:
        -   B->pilnu::BR
        -   B->pilnu::BR
        -   B->pilnu::BR
        -   B->pilnu::BR
        -   B->pilnu::BR
        -   B->pilnu::BR
    kinematics:
        -   {q2_min: 0, q2_max: 2}
        -   {q2_min: 2, q2_max: 4}
        -   {q2_min: 4, q2_max: 6}
        -   {q2_min: 6, q2_max: 8}
        -   {q2_min: 8, q2_max: 10}
        -   {q2_min: 10, q2_max: 12}
    options:
        -   {q: d}
        -   {q: d}
        -   {q: d}
        -   {q: d}
        -   {q: d}
        -   {q: d}
    means: [1.225e-05, 1.277e-05, 1.274e-05, 1.498e-05, 1.405e-05, 1.617e-05]
    sigma-stat-hi: [0, 0, 0, 0, 0, 0]
    sigma-stat-lo: [0, 0, 0, 0, 0, 0]
    sigma-sys: [1.82e-06, 1.28e-06, 1.09e-06, 1.03e-06, 1.15e-06, 1.04e-06]
    correlations:
        -   [1, -0.0759, 0.1679, 0.1432, 0.1831, 0.1471]
        -   [-0.0759, 1, -0.1473, 0.2174, 0.0718, 0.0975]
        -   [0.1679, -0.1473, 1, -0.08890000000000001, 0.225, 0.1076]
        -   [0.1432, 0.2174, -0.08890000000000001, 1, 0.0218, 0.2772]
        -   [0.1831, 0.0718, 0.225, 0.0218, 1, -0.0425]
        -   [0.1471, 0.0975, 0.1076, 0.2772, -0.0425, 1]
    dof: 6
# }}}

#########
# Belle #
#########
#
# 2010
#
# {{{
B^0->pi^+lnu::BR@Belle-2010A:
    type: MultivariateGaussian
    dim: 6
    observables:
        -   B->pilnu::BR
        -   B->pilnu::BR
        -   B->pilnu::BR
        -   B->pilnu::BR
        -   B->pilnu::BR
        -   B->pilnu::BR
    kinematics:
        -   {q2_min: 0, q2_max: 2}
        -   {q2_min: 2, q2_max: 4}
        -   {q2_min: 4, q2_max: 6}
        -   {q2_min: 6, q2_max: 8}
        -   {q2_min: 8, q2_max: 10}
        -   {q2_min: 10, q2_max: 12}
    options:
        -   {q: d}
        -   {q: d}
        -   {q: d}
        -   {q: d}
        -   {q: d}
        -   {q: d}
    means: [1.173e-05, 1.526e-05, 1.213e-05, 1.465e-05, 1.473e-05, 1.404e-05]
    sigma-stat-hi: [0, 0, 0, 0, 0, 0]
    sigma-stat-lo: [0, 0, 0, 0, 0, 0]
    sigma-sys: [2.19e-06, 1.03e-06, 1.05e-06, 1.02e-06, 1.08e-06, 1.24e-06]
    correlations:
        -   [1, -0.2638, 0.14, -0.0635, 0.167, 0.1084]
        -   [-0.2638, 1, -0.139, 0.3369, 0.0292, 0.0888]
        -   [0.14, -0.139, 1, -0.0484, 0.2842, 0.2288]
        -   [-0.0635, 0.3369, -0.0484, 1, -0.1302, 0.1859]
        -   [0.167, 0.0292, 0.2842, -0.1302, 1, 0.1476]
        -   [0.1084, 0.0888, 0.2288, 0.1859, 0.1476, 1]
    dof: 6
B^0->pi^+l^-nu::KinematicalDistribution[q2]@Belle-2010A:
    type: MultivariateGaussian(Covariance)
    dim: 12
    observables: ['B->pilnu::P(q2_min,q2_max)', 'B->pilnu::P(q2_min,q2_max)', 'B->pilnu::P(q2_min,q2_max)',
      'B->pilnu::P(q2_min,q2_max)', 'B->pilnu::P(q2_min,q2_max)', 'B->pilnu::P(q2_min,q2_max)',
      'B->pilnu::P(q2_min,q2_max)', 'B->pilnu::P(q2_min,q2_max)', 'B->pilnu::P(q2_min,q2_max)',
      'B->pilnu::P(q2_min,q2_max)', 'B->pilnu::P(q2_min,q2_max)', 'B->pilnu::P(q2_min,q2_max)']
    kinematics: [{q2_max: 2.0, q2_min: 0.0}, {q2_max: 4.0, q2_min: 2.0}, {q2_max: 6.0,
        q2_min: 4.0}, {q2_max: 8.0, q2_min: 6.0}, {q2_max: 10.0, q2_min: 8.0}, {q2_max: 12.0,
        q2_min: 10.0}, {q2_max: 14.0, q2_min: 12.0}, {q2_max: 16.0, q2_min: 14.0}, {
        q2_max: 18.0, q2_min: 16.0}, {q2_max: 20.0, q2_min: 18.0}, {q2_max: 22.0, q2_min: 20.0},
      {q2_max: 24.0, q2_min: 22.0}]
    options: [{}, {}, {}, {}, {}, {}, {}, {}, {}, {}, {}, {}]
    means: [0.03926444013118266, 0.051060839301251604, 0.04058630613747407, 0.049039555585302194,
      0.04930058229034202, 0.046981460410949735, 0.04852419516765947, 0.04213238739040226,
      0.03967940566227161, 0.024626865671641796, 0.03152734087410482, 0.026705039823305004]
    covariance: [[6.47484510453735e-05, -1.847602570478683e-05, -1.4522690697146233e-06,
        -1.010716693158938e-05, -1.3350783681153977e-06, -4.297762445421967e-06, -3.2919258951707997e-06,
        -5.076617298488065e-06, -5.830149914650761e-06, -4.269291532191052e-06, -3.926846741967685e-06,
        -5.060013279548836e-06], [-1.847602570478683e-05, 2.816783528890568e-05, -5.050922013145033e-06,
        7.4964271800443e-06, -2.92213514592115e-06, -2.3780464688679144e-06, -2.676775952311084e-06,
        -8.155215946309256e-07, -1.7596226501476034e-06, -2.1334791051182787e-06, 3.1790445886750587e-07,
        1.1887955625174365e-07], [-1.4522690697146233e-06, -5.050922013145033e-06, 1.5230246294301851e-05,
        -4.035804628591105e-06, 1.691941693221587e-06, -9.953116948231101e-08, 5.493755430651941e-07,
        -2.1620746608163835e-06, -1.4646895972677734e-06, -1.8859447819457099e-06, -3.870683205633857e-07,
        -7.868999029529126e-07], [-1.010716693158938e-05, 7.4964271800443e-06, -4.035804628591105e-06,
        2.2387380614679633e-05, -8.534416782413767e-06, -7.863893485094225e-07, -2.531831585223855e-06,
        -4.557386755596151e-07, -1.8491844995904807e-06, -1.8600659223857047e-06, 2.8544128685019233e-07,
        6.067481879182971e-08], [-1.3350783681153977e-06, -2.92213514592115e-06, 1.691941693221587e-06,
        -8.534416782413767e-06, 2.160369017082447e-05, -3.7457487038075686e-06, 5.824933953993362e-06,
        -4.099060305039119e-06, -2.2917270759675133e-06, -2.5760521483205302e-06, -1.297930450862882e-06,
        -1.7133974795644374e-06], [-4.297762445421967e-06, -2.3780464688679144e-06,
        -9.953116948231101e-08, -7.863893485094225e-07, -3.7457487038075686e-06, 2.4914468458147405e-05,
        -1.9037658074705074e-06, -2.9145459609958584e-06, -2.5751706644151523e-06, -2.1562294594752816e-06,
        -1.8370476333695036e-06, -1.488438283537851e-06], [-3.2919258951707997e-06,
        -2.676775952311084e-06, 5.493755430651941e-07, -2.531831585223855e-06, 5.824933953993362e-06,
        -1.9037658074705074e-06, 2.6497662856498447e-05, -1.1607656850798348e-05, -2.5979746174772866e-06,
        -3.503234044021006e-06, -1.6871290907850032e-06, -2.288156895963428e-06], [
        -5.076617298488065e-06, -8.155215946309256e-07, -2.1620746608163835e-06, -4.557386755596151e-07,
        -4.099060305039119e-06, -2.9145459609958584e-06, -1.1607656850798348e-05, 2.6303806712390355e-05,
        -1.2503388366920572e-06, 2.82052104145474e-06, -7.843507181224245e-07, -1.583887073826397e-08],
      [-5.830149914650761e-06, -1.7596226501476034e-06, -1.4646895972677734e-06, -1.8491844995904807e-06,
        -2.2917270759675133e-06, -2.5751706644151523e-06, -2.5979746174772866e-06, -1.2503388366920572e-06,
        2.076218413675999e-05, 7.437372114180905e-07, -1.1369632465323837e-06, -6.012730476814979e-07],
      [-4.269291532191052e-06, -2.1334791051182787e-06, -1.8859447819457099e-06, -1.8600659223857047e-06,
        -2.5760521483205302e-06, -2.1562294594752816e-06, -3.503234044021006e-06, 2.82052104145474e-06,
        7.437372114180905e-07, 1.9853566673537533e-05, -4.057763047213591e-06, -4.2517974859162884e-07],
      [-3.926846741967685e-06, 3.1790445886750587e-07, -3.870683205633857e-07, 2.8544128685019233e-07,
        -1.297930450862882e-06, -1.8370476333695036e-06, -1.6871290907850032e-06, -7.843507181224245e-07,
        -1.1369632465323837e-06, -4.057763047213591e-06, 1.537330459885869e-05, -1.1870897816657098e-06],
      [-5.060013279548836e-06, 1.1887955625174365e-07, -7.868999029529126e-07, 6.067481879182971e-08,
        -1.7133974795644374e-06, -1.488438283537851e-06, -2.288156895963428e-06, -1.583887073826397e-08,
        -6.012730476814979e-07, -4.2517974859162884e-07, -1.1870897816657098e-06, 1.4318776114438878e-05]]
    dof: 12
# }}}
#
# 2013
#
# {{{
B^0->pi^+lnu::BR@Belle-2013A:
    type: MultivariateGaussian
    dim: 6
    observables:
        -   B->pilnu::BR
        -   B->pilnu::BR
        -   B->pilnu::BR
        -   B->pilnu::BR
        -   B->pilnu::BR
        -   B->pilnu::BR
    kinematics:
        -   {q2_min: 0, q2_max: 2}
        -   {q2_min: 2, q2_max: 4}
        -   {q2_min: 4, q2_max: 6}
        -   {q2_min: 6, q2_max: 8}
        -   {q2_min: 8, q2_max: 10}
        -   {q2_min: 10, q2_max: 12}
    options:
        -   {q: d}
        -   {q: d}
        -   {q: d}
        -   {q: d}
        -   {q: d}
        -   {q: d}
    means: [1.95e-05, 1.06e-05, 1.51e-05, 9.7e-06, 7.8e-06, 1.59e-05]
    sigma-stat-hi: [0, 0, 0, 0, 0, 0]
    sigma-stat-lo: [0, 0, 0, 0, 0, 0]
    sigma-sys: [3.2e-06, 2.7e-06, 2.8e-06, 2.3e-06, 2.2e-06, 2.8e-06]
    correlations:
        -   [1, -0.145, 0.01, -0.001, 0, 0]
        -   [-0.145, 1, -0.1, 0.008, 0, 0.001]
        -   [0.01, -0.1, 1, -0.094, 0.003, -0.001]
        -   [-0.001, 0.008, -0.094, 1, -0.078, 0.005]
        -   [0, 0, 0.003, -0.078, 1, -0.097]
        -   [0, 0.001, -0.001, 0.005, -0.097, 1]
    dof: 6
# }}}
