# vim: set fdm=marker :

########################
# B -> pi form factors #
########################
# {{{
B->pi::f_++f_0@FNALMILC2015A:
    type: MultivariateGaussian(Covariance)
    dim: 6
    observables:
        -   B->pi::f_+(s)
        -   B->pi::f_+(s)
        -   B->pi::f_+(s)
        -   B->pi::f_0(s)
        -   B->pi::f_0(s)
        -   B->pi::f_0(s)
    kinematics:
        -   {s: 18}
        -   {s: 22}
        -   {s: 26}
        -   {s: 18}
        -   {s: 22}
        -   {s: 26}
    options:
        -   {form-factors: BCL2008}
        -   {form-factors: BCL2008}
        -   {form-factors: BCL2008}
        -   {form-factors: BCL2008}
        -   {form-factors: BCL2008}
        -   {form-factors: BCL2008}
    means: [1.016, 1.971, 6.443, 0.417, 0.609, 0.961]
    covariance:
        -   [0.003492, 0.001642, 0.001648, 0.001067, 0.0002904, 0.0001096]
        -   [0.001997, 0.003371, 0.006193, 0.0002123, 0.0002167, 0.0001294]
        -   [0.001648, 0.006193, 0.07419000000000001, 0.002064, 0.001139, 0.001346]
        -   [0.001067, 0.0002123, 0.002064, 0.0008478, 0.0004266, 0.000315]
        -   [0.0002904, 0.0002167, 0.001139, 0.0004266, 0.0003923, 0.0004009]
        -   [0.0001096, 0.0001294, 0.001346, 0.000315, 0.0004009, 0.0006467000000000001]
    dof: 0
B->pi::f_+@IKMvD-2014:
    type: MultivariateGaussian
    dim: 6
    observables:
        -   B->pi::f_+(s)
        -   B->pi::f_+'(s)
        -   B->pi::f_+''(s)
        -   B->pi::f_+(s)
        -   B->pi::f_+'(s)
        -   B->pi::f_+''(s)
    kinematics:
        -   {s: 0}
        -   {s: 0}
        -   {s: 0}
        -   {s: 10}
        -   {s: 10}
        -   {s: 10}
    options:
        -   {form-factors: BCL2008}
        -   {form-factors: BCL2008}
        -   {form-factors: BCL2008}
        -   {form-factors: BCL2008}
        -   {form-factors: BCL2008}
        -   {form-factors: BCL2008}
    means: [0.309591, 0.015545, 0.00124258, 0.561988, 0.040339, 0.00470891]
    sigma-stat-hi: [0.0199207, 0.0009997879999999999, 0.000108337, 0.0321127, 0.00237506, 0.000365924]
    sigma-stat-lo: [0.0199207, 0.0009997879999999999, 0.000108337, 0.0321127, 0.00237506, 0.000365924]
    sigma-sys: [0, 0, 0, 0, 0, 0]
    correlations:
        -   [1, 0.735, 0.374, 0.925, 0.5639999999999999, 0.313]
        -   [0.735, 1, 0.867, 0.927, 0.863, 0.246]
        -   [0.374, 0.867, 1, 0.6820000000000001, 0.853, 0.221]
        -   [0.925, 0.927, 0.6820000000000001, 1, 0.8139999999999999, 0.389]
        -   [0.5639999999999999, 0.863, 0.853, 0.8139999999999999, 1, 0.647]
        -   [0.313, 0.246, 0.221, 0.389, 0.647, 1]
    dof: 0
# }}}

#######################
# B -> K form factors #
#######################
# {{{
B->K::f_0+f_++f_T@HPQCD-2013A:
    type: MultivariateGaussian
    dim: 9
    observables:
        -   B->K::f_0(s)
        -   B->K::f_0(s)
        -   B->K::f_0(s)
        -   B->K::f_+(s)
        -   B->K::f_+(s)
        -   B->K::f_+(s)
        -   B->K::f_T(s)
        -   B->K::f_T(s)
        -   B->K::f_T(s)
    kinematics:
        -   {s: 17}
        -   {s: 20}
        -   {s: 23}
        -   {s: 17}
        -   {s: 20}
        -   {s: 23}
        -   {s: 17}
        -   {s: 20}
        -   {s: 23}
    options:
        -   {form-factors: KMPW2010}
        -   {form-factors: KMPW2010}
        -   {form-factors: KMPW2010}
        -   {form-factors: KMPW2010}
        -   {form-factors: KMPW2010}
        -   {form-factors: KMPW2010}
        -   {form-factors: KMPW2010}
        -   {form-factors: KMPW2010}
        -   {form-factors: KMPW2010}
    means: [0.615697, 0.722728, 0.86973, 1.13053, 1.62747, 2.67559, 1.01869, 1.47371, 2.42477]
    sigma-stat-hi: [0.0423107, 0.0464784, 0.0545373, 0.0730107, 0.0973055, 0.186149, 0.0842842, 0.11937, 0.249658]
    sigma-stat-lo: [0.0423107, 0.0464784, 0.0545373, 0.0730107, 0.0973055, 0.186149, 0.0842842, 0.11937, 0.249658]
    sigma-sys: [0, 0, 0, 0, 0, 0, 0, 0, 0]
    correlations:
        -   [1, 0.929602, 0.727828, 0.576305, 0.477212, 0.230181, 0.128042, 0.0998671, 0.0477771]
        -   [0.929602, 1, 0.872508, 0.405678, 0.451924, 0.243271, 0.0586115, 0.0933393, 0.0749594]
        -   [0.727828, 0.872508, 1, 0.280099, 0.34324, 0.317962, 0.0103097, 0.046188, 0.0580487]
        -   [0.576305, 0.405678, 0.280099, 1, 0.782097, 0.298457, 0.363865, 0.212712, 0.0508819]
        -   [0.477212, 0.451924, 0.34324, 0.782097, 1, 0.712792, 0.222467, 0.262759, 0.197032]
        -   [0.230181, 0.243271, 0.317962, 0.298457, 0.712792, 1, -0.0249157, 0.140985, 0.220042]
        -   [0.128042, 0.0586115, 0.0103097, 0.363865, 0.222467, -0.0249157, 1, 0.785177, 0.457065]
        -   [0.0998671, 0.0933393, 0.046188, 0.212712, 0.262759, 0.140985, 0.785177, 1, 0.853052]
        -   [0.0477771, 0.0749594, 0.0580487, 0.0508819, 0.197032, 0.220042, 0.457065, 0.853052, 1]
    dof: 0
# }}}

#######################
# B -> D form factors #
#######################
# {{{
B->D::f_++f_0@HPQCD2015A:
    type: MultivariateGaussian(Covariance)
    dim: 7
    observables:
        -   B->D::f_+(s)
        -   B->D::f_+(s)
        -   B->D::f_+(s)
        -   B->D::f_+(s)
        -   B->D::f_0(s)
        -   B->D::f_0(s)
        -   B->D::f_0(s)
    kinematics:
        -   {s: 0}
        -   {s: 4}
        -   {s: 8}
        -   {s: 11.62}
        -   {s: 4}
        -   {s: 8}
        -   {s: 11.62}
    options:
        -   {form-factors: BCL2008}
        -   {form-factors: BCL2008}
        -   {form-factors: BCL2008}
        -   {form-factors: BCL2008}
        -   {form-factors: BCL2008}
        -   {form-factors: BCL2008}
        -   {form-factors: BCL2008}
    means: [0.665, 0.798, 0.972, 1.177, 0.729, 0.8100000000000001, 0.901]
    covariance:
        -   [0.001128, 0.001042, 0.000923, 0.0007727, 0.001093, 0.001063, 0.001045]
        -   [0.001042, 0.001079, 0.001108, 0.001123, 0.001026, 0.001017, 0.001021]
        -   [0.000923, 0.001108, 0.001331, 0.001576, 0.0009307, 0.0009511, 0.0009865]
        -   [0.0007727, 0.001123, 0.001576, 0.002112, 0.0008108, 0.0008681, 0.0009425]
        -   [0.001093, 0.001026, 0.0009307, 0.0008108, 0.001126, 0.001165, 0.00121]
        -   [0.001063, 0.001017, 0.0009511, 0.0008681, 0.001165, 0.001283, 0.00141]
        -   [0.001045, 0.001021, 0.0009865, 0.0009425, 0.00121, 0.00141, 0.001635]
    dof: 0
# }}}

