# vim: set fdm=marker :

#########
# BESIII #
#########
#
# {{{
D^0->K^-e^+nu::BR[0.0,q2max]@BESIII:2015A:
    type: Gaussian
    observable: D->Klnu::BR
    kinematics: {q2_min: 0.0, q2_max: 1.880}
    options: {q: u, l: e}
    mean: 3.505e-02
    sigma-stat: {hi: 0.014e-02, lo: -0.014e-02}
    sigma-sys: {hi: 0.033e-02, lo: -0.033e-02}
D^0->K^-e^+nu::normalizedwidth@BESIII:2015A:
    type: MultivariateGaussian(Covariance)
    observables:
        -   D->Klnu::P(q2_min,q2_max)
        -   D->Klnu::P(q2_min,q2_max)
        -   D->Klnu::P(q2_min,q2_max)
        -   D->Klnu::P(q2_min,q2_max)
        -   D->Klnu::P(q2_min,q2_max)
        -   D->Klnu::P(q2_min,q2_max)
        -   D->Klnu::P(q2_min,q2_max)
        -   D->Klnu::P(q2_min,q2_max)
        -   D->Klnu::P(q2_min,q2_max)
        -   D->Klnu::P(q2_min,q2_max)
        -   D->Klnu::P(q2_min,q2_max)
        -   D->Klnu::P(q2_min,q2_max)
        -   D->Klnu::P(q2_min,q2_max)
        -   D->Klnu::P(q2_min,q2_max)
        -   D->Klnu::P(q2_min,q2_max)
        -   D->Klnu::P(q2_min,q2_max)
        -   D->Klnu::P(q2_min,q2_max)
    kinematics:
        -   {q2_min: 0.0, q2_max: 0.1}
        -   {q2_min: 0.1, q2_max: 0.2}
        -   {q2_min: 0.2, q2_max: 0.3}
        -   {q2_min: 0.3, q2_max: 0.4}
        -   {q2_min: 0.4, q2_max: 0.5}
        -   {q2_min: 0.5, q2_max: 0.6}
        -   {q2_min: 0.6, q2_max: 0.7}
        -   {q2_min: 0.7, q2_max: 0.8}
        -   {q2_min: 0.8, q2_max: 0.9}
        -   {q2_min: 0.9, q2_max: 1.0}
        -   {q2_min: 1.0, q2_max: 1.1}
        -   {q2_min: 1.1, q2_max: 1.2}
        -   {q2_min: 1.2, q2_max: 1.3}
        -   {q2_min: 1.3, q2_max: 1.4}
        -   {q2_min: 1.4, q2_max: 1.5}
        -   {q2_min: 1.5, q2_max: 1.6}
        -   {q2_min: 1.6, q2_max: 1.7}
    options:
        -   {q: u, l: e}
        -   {q: u, l: e}
        -   {q: u, l: e}
        -   {q: u, l: e}
        -   {q: u, l: e}
        -   {q: u, l: e}
        -   {q: u, l: e}
        -   {q: u, l: e}
        -   {q: u, l: e}
        -   {q: u, l: e}
        -   {q: u, l: e}
        -   {q: u, l: e}
        -   {q: u, l: e}
        -   {q: u, l: e}
        -   {q: u, l: e}
        -   {q: u, l: e}
        -   {q: u, l: e}
    means: [ 1.03278, 1.02469, 0.972188, 0.886865, 0.877372, 0.755482, 0.72665, 
            0.646836, 0.58929, 0.530338, 0.465525, 0.389813, 0.331446, 0.268157, 
            0.203579, 0.154003, 0.100559 ]
    covariance:
        - [4.80581e-04,3.82708e-05,7.22401e-05,6.58279e-05,6.57169e-05,5.65666e-05,5.53166e-05,4.88223e-05,4.49362e-05,4.00968e-05,3.46249e-05,2.83628e-05,2.41881e-05,1.97859e-05,1.50484e-05,1.14364e-05,8.19888e-06]
        - [3.82708e-05,3.62529e-04,2.83311e-05,6.67649e-05,6.33572e-05,5.523e-05,5.41853e-05,4.78326e-05,4.418e-05,3.9417e-05,3.39995e-05,2.78724e-05,2.3801e-05,1.94498e-05,1.48138e-05,1.12216e-05,8.07825e-06]
        - [7.22401e-05,2.83311e-05,3.4598e-04,1.9419e-05,6.38955e-05,5.2068e-05,5.21498e-05,4.58663e-05,4.26424e-05,3.7905e-05,3.26556e-05,2.67424e-05,2.29169e-05,1.87569e-05,1.43054e-05,1.08885e-05,7.86191e-06]
        - [6.58279e-05,6.67649e-05,1.9419e-05,3.2233e-04,1.46314e-05,5.34733e-05,4.88279e-05,4.41146e-05,4.08704e-05,3.63466e-05,3.12698e-05,2.55128e-05,2.18758e-05,1.80154e-05,1.37009e-05,1.04712e-05,7.62617e-06]
        - [6.57169e-05,6.33572e-05,6.38955e-05,1.46314e-05,3.16036e-04,1.04308e-05,5.1934e-05,4.34686e-05,4.11818e-05,3.64232e-05,3.12323e-05,2.55739e-05,2.195e-05,1.81008e-05,1.37841e-05,1.05808e-05,7.72507e-06]
        - [5.65666e-05,5.523e-05,5.2068e-05,5.34733e-05,1.04308e-05,2.60593e-04,6.07318e-06,4.01798e-05,3.47795e-05,3.12762e-05,2.69933e-05,2.20444e-05,1.89611e-05,1.56314e-05,1.1892e-05,9.12604e-06,6.67974e-06]
        - [5.53166e-05,5.41853e-05,5.21498e-05,4.88279e-05,5.1934e-05,6.07318e-06,2.47958e-04,3.78856e-06,3.68611e-05,3.01526e-05,2.65176e-05,2.15752e-05,1.85652e-05,1.5314e-05,1.16375e-05,8.96269e-06,6.5782e-06]
        - [4.88223e-05,4.78326e-05,4.58663e-05,4.41146e-05,4.34686e-05,4.01798e-05,3.78856e-06,2.16442e-04,8.23443e-07,2.90414e-05,2.30737e-05,1.91607e-05,1.64858e-05,1.36319e-05,1.03592e-05,8.00365e-06,5.85566e-06]
        - [4.49362e-05,4.418e-05,4.26424e-05,4.08704e-05,4.11818e-05,3.47795e-05,3.68611e-05,8.23443e-07,1.9348e-04,-1.08609e-06,2.30737e-05,1.75534e-05,1.53912e-05,1.2591e-05,9.66456e-06,7.46287e-06,5.50523e-06]
        - [4.00968e-05,3.9417e-05,3.7905e-05,3.63466e-05,3.64232e-05,3.12762e-05,3.01526e-05,2.90414e-05,-1.08609e-06,1.7071e-04,-3.46017e-06,1.70487e-05,1.32921e-05,1.12246e-05,8.52892e-06,6.57765e-06,4.83498e-06]
        - [3.46249e-05,3.39995e-05,3.26556e-05,3.12698e-05,3.12323e-05,2.69933e-05,2.65176e-05,2.30737e-05,2.30737e-05,-3.46017e-06,1.4499e-04,-5.16151e-06,1.24877e-05,9.43923e-06,7.34026e-06,5.63045e-06,4.12488e-06]
        - [2.83628e-05,2.78724e-05,2.67424e-05,2.55128e-05,2.55739e-05,2.20444e-05,2.15752e-05,1.91607e-05,1.75534e-05,1.70487e-05,-5.16151e-06,1.19644e-04,-5.74818e-06,8.48393e-06,5.80883e-06,4.5179e-06,3.34329e-06]
        - [2.41881e-05,2.3801e-05,2.29169e-05,2.18758e-05,2.195e-05,1.89611e-05,1.85652e-05,1.64858e-05,1.53912e-05,1.32921e-05,1.24877e-05,-5.74818e-06,9.89919e-05,-5.33035e-06,5.59344e-06,3.90074e-06,2.84734e-06]
        - [1.97859e-05,1.94498e-05,1.87569e-05,1.80154e-05,1.81008e-05,1.56314e-05,1.5314e-05,1.36319e-05,1.2591e-05,1.12246e-05,9.43923e-06,8.48393e-06,-5.33035e-06,8.14588e-05,-5.52635e-06,3.46058e-06,2.39301e-06]
        - [1.50484e-05,1.48138e-05,1.43054e-05,1.37009e-05,1.37841e-05,1.1892e-05,1.16375e-05,1.03592e-05,9.66456e-06,8.52892e-06,7.34026e-06,5.80883e-06,5.59344e-06,-5.52635e-06,6.30728e-05,-4.04443e-06,2.00958e-06]
        - [1.14364e-05,1.12216e-05,1.08885e-05,1.04712e-05,1.05808e-05,9.12604e-06,8.96269e-06,8.00365e-06,7.46287e-06,6.57765e-06,5.63045e-06,4.5179e-06,3.90074e-06,3.46058e-06,-4.04443e-06,4.63192e-05,-3.1383e-06]
        - [8.19888e-06,8.07825e-06,7.86191e-06,7.62617e-06,7.72507e-06,6.67974e-06,6.5782e-06,5.85566e-06,5.50523e-06,4.83498e-06,4.12488e-06,3.34329e-06,2.84734e-06,2.39301e-06,2.00958e-06,-3.1383e-06,3.42234e-05]
D^+->Kbar^0e^+nu::width@BESIII:2017A:
    type: MultivariateGaussian
    observables:
        -   D->Klnu::width
        -   D->Klnu::width
        -   D->Klnu::width
        -   D->Klnu::width
        -   D->Klnu::width
        -   D->Klnu::width
        -   D->Klnu::width
        -   D->Klnu::width
        -   D->Klnu::width
    kinematics:
        -   {q2_min: 0.0, q2_max: 0.2}
        -   {q2_min: 0.2, q2_max: 0.4}
        -   {q2_min: 0.4, q2_max: 0.6}
        -   {q2_min: 0.6, q2_max: 0.8}
        -   {q2_min: 0.8, q2_max: 1.0}
        -   {q2_min: 1.0, q2_max: 1.2}
        -   {q2_min: 1.2, q2_max: 1.4}
        -   {q2_min: 1.4, q2_max: 1.6}
        -   {q2_min: 1.6, q2_max: 1.882}
    options:
        -   {q: d, l: e}
        -   {q: d, l: e}
        -   {q: d, l: e}
        -   {q: d, l: e}
        -   {q: d, l: e}
        -   {q: d, l: e}
        -   {q: d, l: e}
        -   {q: d, l: e}
        -   {q: d, l: e}
    means: [ 16.97, 15.29, 13.57, 11.65, 9.33, 7.06, 4.96, 2.97, 1.01]
    sigma-stat-hi: [0, 0, 0, 0, 0, 0, 0, 0, 0]
    sigma-stat-lo: [0, 0, 0, 0, 0, 0, 0, 0, 0]
    sigma-sys: [0.602378, 0.534103, 0.465453, 0.4026, 0.344261, 0.275757, 0.202383, 0.135011, 0.0725645]
    correlations:
        - [1.,0.780898,0.768749,0.744707,0.730631,0.694217,0.615867,0.47533,0.331666]
        - [0.780898,1.,0.725185,0.723341,0.708917,0.673579,0.597549,0.461157,0.321744]
        - [0.768749,0.725185,1.,0.671742,0.686093,0.651442,0.578501,0.44644,0.31076]
        - [0.744707,0.723341,0.671742,1.,0.634642,0.632621,0.559979,0.432595,0.301802]
        - [0.730631,0.708917,0.686093,0.634642,1.,0.586238,0.550458,0.423481,0.295733]
        - [0.694217,0.673579,0.651442,0.632621,0.586238,1.,0.486801,0.404272,0.281192]
        - [0.615867,0.597549,0.578501,0.559979,0.550458,0.486801,1.,0.314591,0.251204]
        - [0.47533,0.461157,0.44644,0.432595,0.423481,0.404272,0.314591,1.,0.146734]
        - [0.331666,0.321744,0.31076,0.301802,0.295733,0.281192,0.251204,0.146734,1.]
D^0->K^-mu^+nu::BR[0.0,q2max]@BESIII:2019A:
    type: Gaussian
    observable: D->Klnu::BR
    kinematics: {q2_min: 0.0, q2_max: 1.880}
    options: {q: u, l: mu}
    mean: 3.413e-02
    sigma-stat: {hi: 0.019e-02, lo: -0.019e-02}
    sigma-sys: {hi: 0.035e-02, lo: -0.035e-02}
D^0->K^-mu^+nu::normalizedwidth@BESIII:2019A:
    type: MultivariateGaussian(Covariance)
    observables:
        -   D->Klnu::P(q2_min,q2_max)
        -   D->Klnu::P(q2_min,q2_max)
        -   D->Klnu::P(q2_min,q2_max)
        -   D->Klnu::P(q2_min,q2_max)
        -   D->Klnu::P(q2_min,q2_max)
        -   D->Klnu::P(q2_min,q2_max)
        -   D->Klnu::P(q2_min,q2_max)
        -   D->Klnu::P(q2_min,q2_max)
        -   D->Klnu::P(q2_min,q2_max)
        -   D->Klnu::P(q2_min,q2_max)
        -   D->Klnu::P(q2_min,q2_max)
        -   D->Klnu::P(q2_min,q2_max)
        -   D->Klnu::P(q2_min,q2_max)
        -   D->Klnu::P(q2_min,q2_max)
        -   D->Klnu::P(q2_min,q2_max)
        -   D->Klnu::P(q2_min,q2_max)
        -   D->Klnu::P(q2_min,q2_max)
    kinematics:
        -   {q2_min: 0.0, q2_max: 0.1}
        -   {q2_min: 0.1, q2_max: 0.2}
        -   {q2_min: 0.2, q2_max: 0.3}
        -   {q2_min: 0.3, q2_max: 0.4}
        -   {q2_min: 0.4, q2_max: 0.5}
        -   {q2_min: 0.5, q2_max: 0.6}
        -   {q2_min: 0.6, q2_max: 0.7}
        -   {q2_min: 0.7, q2_max: 0.8}
        -   {q2_min: 0.8, q2_max: 0.9}
        -   {q2_min: 0.9, q2_max: 1.0}
        -   {q2_min: 1.0, q2_max: 1.1}
        -   {q2_min: 1.1, q2_max: 1.2}
        -   {q2_min: 1.2, q2_max: 1.3}
        -   {q2_min: 1.3, q2_max: 1.4}
        -   {q2_min: 1.4, q2_max: 1.5}
        -   {q2_min: 1.5, q2_max: 1.6}
        -   {q2_min: 1.6, q2_max: 1.7}
    options:
        -   {q: u, l: mu}
        -   {q: u, l: mu}
        -   {q: u, l: mu}
        -   {q: u, l: mu}
        -   {q: u, l: mu}
        -   {q: u, l: mu}
        -   {q: u, l: mu}
        -   {q: u, l: mu}
        -   {q: u, l: mu}
        -   {q: u, l: mu}
        -   {q: u, l: mu}
        -   {q: u, l: mu}
        -   {q: u, l: mu}
        -   {q: u, l: mu}
        -   {q: u, l: mu}
        -   {q: u, l: mu}
        -   {q: u, l: mu}
    means: [ 0.751559, 1.0264, 0.959106, 0.888436, 0.883853, 0.821987, 0.740102,
            0.673533, 0.642539, 0.559569, 0.461041, 0.431736, 0.342615, 0.293894,
            0.211044, 0.155208, 0.097201 ]
    covariance:
        - [4.27892e-04,-8.07306e-06,1.41733e-05,-1.20613e-04,6.69322e-05,-3.44072e-05,6.85431e-05,-8.17551e-05,1.72512e-05,2.58261e-05,2.08793e-05,1.98737e-05,1.6171e-05,1.42478e-05,1.06359e-05,8.29935e-06,5.74273e-06]
        - [-8.07306e-06,4.87137e-04,3.36576e-05,1.27018e-04,3.68368e-05,8.08082e-05,2.63382e-05,9.19734e-05,4.39158e-05,3.33432e-05,2.80215e-05,2.68677e-05,2.17723e-05,1.91832e-05,1.43357e-05,1.11763e-05,7.71835e-06]
        - [1.41733e-05,3.36576e-05,4.40989e-04,9.15408e-05,3.51718e-05,8.09878e-05,2.21603e-05,9.50882e-05,4.2317e-05,3.14385e-05,2.6453e-05,2.52097e-05,2.05618e-05,1.81348e-05,1.35349e-05,1.05643e-05,7.30462e-06]
        - [-1.20613e-04,1.27018e-04,9.15408e-05,8.65962e-04,-8.44811e-05,2.51969e-04,-7.04801e-05,3.64322e-04,6.73594e-05,2.6977e-05,2.41886e-05,2.32845e-05,1.90396e-05,1.68172e-05,1.25781e-05,9.82025e-06,6.79581e-06]
        - [6.69322e-05,3.68368e-05,3.51718e-05,-8.44811e-05,4.27572e-04,-4.049e-05,6.0815e-05,-2.68447e-05,2.76629e-05,3.01371e-05,2.4708e-05,2.35608e-05,1.91739e-05,1.69237e-05,1.26374e-05,9.89821e-06,6.86181e-06]
        - [-3.44072e-05,8.08082e-05,8.09878e-05,2.51969e-04,-4.049e-05,4.74245e-04,-5.30071e-05,1.8103e-04,4.62464e-05,2.67832e-05,2.30602e-05,2.21395e-05,1.80495e-05,1.59088e-05,1.19195e-05,9.34742e-06,6.47201e-06]
        - [6.85431e-05,2.63382e-05,2.21603e-05,-7.04801e-05,6.0815e-05,-5.30071e-05,3.48992e-04,-8.1814e-05,2.32748e-05,2.54798e-05,2.1202e-05,2.01297e-05,1.64368e-05,1.44969e-05,1.08755e-05,8.51417e-06,5.92443e-06]
        - [-8.17551e-05,9.19734e-05,9.50882e-05,3.64322e-04,-2.68447e-05,1.8103e-04,-8.1814e-05,5.0031e-04,1.9863e-05,2.30221e-05,1.86924e-05,1.82821e-05,1.50025e-05,1.32955e-05,9.9379e-06,7.84399e-06,5.46e-06]
        - [1.72512e-05,4.39158e-05,4.2317e-05,6.73594e-05,2.76629e-05,4.62464e-05,2.32748e-05,1.9863e-05,2.44406e-04,-4.82224e-06,2.0183e-05,1.72623e-05,1.47304e-05,1.2984e-05,9.75023e-06,7.66702e-06,5.34875e-06]
        - [2.58261e-05,3.33432e-05,3.14385e-05,2.6977e-05,3.01371e-05,2.67832e-05,2.54798e-05,2.30221e-05,-4.82224e-06,2.17895e-04,-6.83706e-06,1.7152e-05,1.2527e-05,1.13829e-05,8.55008e-06,6.73083e-06,4.70546e-06]
        - [2.08793e-05,2.80215e-05,2.6453e-05,2.41886e-05,2.4708e-05,2.30602e-05,2.1202e-05,1.86924e-05,2.0183e-05,-6.83706e-06,1.80317e-04,-3.41135e-05,1.31916e-05,9.21116e-06,7.15465e-06,5.62792e-06,3.94154e-06]
        - [1.98737e-05,2.68677e-05,2.52097e-05,2.32845e-05,2.35608e-05,2.21395e-05,2.01297e-05,1.82821e-05,1.72623e-05,1.7152e-05,-3.41135e-05,6.17246e-04,-3.70475e-05,9.5189e-06,6.38038e-06,5.40065e-06,3.78757e-06]
        - [1.6171e-05,2.17723e-05,2.05618e-05,1.90396e-05,1.91739e-05,1.80495e-05,1.64368e-05,1.50025e-05,1.47304e-05,1.2527e-05,1.31916e-05,-3.70475e-05,1.62706e-04,-9.94734e-06,6.06477e-06,4.35932e-06,3.13649e-06]
        - [1.42478e-05,1.91832e-05,1.81348e-05,1.68172e-05,1.69237e-05,1.59088e-05,1.44969e-05,1.32955e-05,1.2984e-05,1.13829e-05,9.21116e-06,9.5189e-06,-9.94734e-06,1.57611e-04,-1.00404e-05,4.35787e-06,2.72867e-06]
        - [1.06359e-05,1.43357e-05,1.35349e-05,1.25781e-05,1.26374e-05,1.19195e-05,1.08755e-05,9.9379e-06,9.75023e-06,8.55008e-06,7.15465e-06,6.38038e-06,6.06477e-06,-1.00404e-05,1.20385e-04,-6.6269e-06,2.30061e-06]
        - [8.29935e-06,1.11763e-05,1.05643e-05,9.82025e-06,9.89821e-06,9.34742e-06,8.51417e-06,7.84399e-06,7.66702e-06,6.73083e-06,5.62792e-06,5.40065e-06,4.35932e-06,4.35787e-06,-6.6269e-06,6.81835e-05,-3.49125e-06]
        - [5.74273e-06,7.71835e-06,7.30462e-06,6.79581e-06,6.86181e-06,6.47201e-06,5.92443e-06,5.46e-06,5.34875e-06,4.70546e-06,3.94154e-06,3.78757e-06,3.13649e-06,2.72867e-06,2.30061e-06,-3.49125e-06,4.77038e-05]
# }}}
