# vim: set fdm=marker :

#######################
# D_s decay constants #
#######################
# {{{
D_s^*::decay-constants@PZ:2021A:
    type: MultivariateGaussian
    observables: [ "decay-constant::D_s", "decay-constant::D_s^*" ]
    kinematics: [ {}, {} ]
    options: [ {}, {} ]
    means: [ 0.2257, 0.279]
    sigma-stat-hi: [ 0.0171, 0.019]
    sigma-stat-lo: [ 0.0174, 0.019]
    sigma-sys: [ 0., 0.]
    # Correlation estimated via error propagation
    correlations:
      - [1., 0.5]
      - [0.5, 1.]
D_s^*_T::decay-constants@PZ:2021A:
    type: MultivariateGaussian
    observables: [ "decay-constant::D_s", "decay-constant::D_s^*,T" ]
    kinematics: [ {}, {} ]
    options: [ {}, {} ]
    means: [ 0.2257, 0.256]
    sigma-stat-hi: [ 0.0171, 0.016]
    sigma-stat-lo: [ 0.0174, 0.017]
    sigma-sys: [ 0., 0. ]
    # Correlation estimated via error propagation
    correlations:
      - [1., 0.64]
      - [0.64, 1.]
#}}}


########################
# D -> K form factors #
########################
# {{{
D->K::f_++f_0@HPQCD:2021A:
    type: MultivariateGaussian(Covariance)
    observables:
      ['D->K::f_0(q2)', 'D->K::f_0(q2)', 'D->K::f_0(q2)',
       'D->K::f_+(q2)', 'D->K::f_+(q2)']
    kinematics:
      [{q2: 0.0}, {q2: 0.9}, {q2: 1.88}, {q2: 0.9}, {q2: 1.88}]
    options:
      [{form-factors: BFW2010}, {form-factors: BFW2010}, {form-factors: BFW2010},
       {form-factors: BFW2010}, {form-factors: BFW2010}]
    means:
      [0.737961, 0.844013, 1.01527, 0.980047, 1.46388]
    covariance:
      - [ 0.000019040966732521594,0.00001194335425072325,6.9510058291340666e-6,0.000017378201635999037,0.000012790696610712561]
      - [ 0.00001194335425072325,0.000011733304754400165,0.000010376863222547376,0.000015352267468217037,0.000022235727110099262]
      - [ 6.9510058291340666e-6,0.000010376863222547376,0.000016890281600979012,9.598194884681188e-6,0.000014970292332570872]
      - [ 0.000017378201635999037,0.000015352267468217037,9.598194884681188e-6,0.000036969501226239805,0.00008392722643162375]
      - [ 0.000012790696610712561,0.000022235727110099262,0.000014970292332570872,0.00008392722643162375,0.00040785314336299797]
    references:
      ['HPQCD:2021A']
D->K::f_++f_0@ETM:2017B:
    type: MultivariateGaussian(Covariance)
    observables:
      ['D->K::f_0(q2)', 'D->K::f_0(q2)', 'D->K::f_+(q2)']
    kinematics:
      [{q2: 0.0}, {q2: 1.0769}, {q2: 1.0769}]
    options:
      [{form-factors: BFW2010}, {form-factors: BFW2010}, {form-factors: BFW2010}]
    means:
      [0.7647, 0.878443, 1.01277]
    covariance:
      - [0.000950493,0.000641359,0.000755045]
      - [0.000641359,0.000662656,0.000644304]
      - [0.000755045,0.000644304,0.000752749]
D->K::f_T@ETM:2018A:
    type: MultivariateGaussian(Covariance)
    observables:
      ['D->K::f_T(q2)', 'D->K::f_T(q2)', 'D->K::f_T(q2)']
    kinematics:
      [{q2: 0.0}, {q2: 1.0769}, {q2: 1.88}]
    options:
      [{form-factors: BFW2010}, {form-factors: BFW2010}, {form-factors: BFW2010}]
    means:
      [0.6871, 0.928597, 1.16613]
    covariance:
      - [0.00293800,0.00241254,0.00174985]
      - [0.00241254,0.00258199,0.00238662]
      - [0.00174985,0.00238662,0.00309014]
# This constraint is correlated with D->K::f_++f_0@HPQCD:2021A
D->K::f_0+f_++f_T@HPQCD:2022A:
    type: MultivariateGaussian(Covariance)
    observables:
        [ 'D->K::f_0(q2)', 'D->K::f_0(q2)', 'D->K::f_0(q2)',
                           'D->K::f_+(q2)', 'D->K::f_+(q2)',
          'D->K::f_T(q2)', 'D->K::f_T(q2)', 'D->K::f_T(q2)' ]
    kinematics:
        [ {q2: 0}, {q2: 0.9}, {q2: 1.88},
                   {q2: 0.9}, {q2: 1.88},
          {q2: 0}, {q2: 0.9}, {q2: 1.88} ]
    options:
        [ {form-factors: BFW2010}, {form-factors: BFW2010}, {form-factors: BFW2010},
                                   {form-factors: BFW2010}, {form-factors: BFW2010},
          {form-factors: BFW2010}, {form-factors: BFW2010}, {form-factors: BFW2010} ]
    means: [ 0.74401,  0.84719,  1.01329,
                       0.985009, 1.46091,
             0.689973, 0.919072, 1.37238 ]
    covariance:
      - [ 0.0000160459, 9.87599e-06, 5.25599e-06, 0.0000144194, 0.0000100547, 3.27916e-06, 3.37667e-06, 3.89284e-06]
      - [ 9.87599e-06, 9.25586e-06, 8.03807e-06, 0.0000119486, 0.0000156557, 2.8009e-06, 3.88057e-06, 5.95483e-06]
      - [ 5.25599e-06, 8.03807e-06, 0.0000130941, 8.02912e-06, 0.0000139524, 3.20838e-06, 5.46605e-06, 9.9974e-06]
      - [ 0.0000144194, 0.0000119486, 8.02912e-06, 0.0000332247, 0.0000705429, 4.14624e-06, 6.40217e-06, 0.0000109883]
      - [ 0.0000100547, 0.0000156557, 0.0000139524, 0.0000705429, 0.000259077, 3.726e-06, 0.0000103044, 0.0000268513]
      - [ 3.27916e-06, 2.8009e-06, 3.20838e-06, 4.14624e-06, 3.726e-06, 0.000385491, 0.000419111, 0.00047013]
      - [ 3.37667e-06, 3.88057e-06, 5.46605e-06, 6.40217e-06, 0.0000103044, 0.000419111, 0.000515073, 0.000667127]
      - [ 3.89284e-06, 5.95483e-06, 9.9974e-06, 0.0000109883, 0.0000268513, 0.00047013, 0.000667127, 0.00106943]
    references:
      ['HPQCD:2022A']
D->K::f_++f_0@FNALMILC:2022A:
    type: MultivariateGaussian(Covariance)
    observables:
      ['D->K::f_0(q2)', 'D->K::f_0(q2)', 'D->K::f_0(q2)', 'D->K::f_0(q2)',
                        'D->K::f_+(q2)', 'D->K::f_+(q2)', 'D->K::f_+(q2)']
    kinematics:
      [{q2: 0.188009}, {q2: 0.695633}, {q2: 1.18446}, {q2: 1.69208}, {q2: 0.695633}, {q2: 1.18446}, {q2: 1.69208}]
    options:
      [{form-factors: BFW2010}, {form-factors: BFW2010}, {form-factors: BFW2010}, {form-factors: BFW2010},
       {form-factors: BFW2010}, {form-factors: BFW2010}, {form-factors: BFW2010}]
    means:
      [0.765347, 0.826568, 0.897305, 0.987439, 0.920402, 1.09208, 1.33979]
    covariance:
      - [ 0.00000961,0.00000600437,0.00000330399,0.000000585924,0.0000119004,0.0000143418,0.0000181437]
      - [ 0.00000600437,0.00000505466,0.00000404381,0.00000252814,0.00000686295,0.00000756114,0.00000837278]
      - [ 0.00000330399,0.00000404381,0.00000418907,0.0000036564,0.00000326983,0.00000292287,0.00000198892]
      - [ 0.000000585924,0.00000252814,0.0000036564,0.0000042538,-0.0000000411413,-0.00000100167,-0.0000028658]
      - [ 0.0000119004,0.00000686295,0.00000326983,-0.0000000411413,0.000028286,0.0000450074,0.0000699055]
      - [ 0.0000143418,0.00000756114,0.00000292287,-0.00000100167,0.0000450074,0.0000769167,0.000125261]
      - [ 0.0000181437,0.00000837278,0.00000198892,-0.0000028658,0.0000699055,0.000125261,0.000211146]
D->K::form-factors@BRvDV:2024A:
  type: MultivariateGaussian(Covariance)
  observables:
  - D->K::a^f+_0@BFW2010
  - D->K::a^f+_1@BFW2010
  - D->K::a^f+_2@BFW2010
  - D->K::a^f+_3@BFW2010
  - D->K::a^f0_1@BFW2010
  - D->K::a^f0_2@BFW2010
  - D->K::a^f0_3@BFW2010
  - D->K::a^fT_0@BFW2010
  - D->K::a^fT_1@BFW2010
  - D->K::a^fT_2@BFW2010
  - D->K::a^fT_3@BFW2010
  kinematics:
  - []
  - []
  - []
  - []
  - []
  - []
  - []
  - []
  - []
  - []
  - []
  options:
  - {}
  - {}
  - {}
  - {}
  - {}
  - {}
  - {}
  - {}
  - {}
  - {}
  - {}
  means:
  - 0.042936556030919865
  - -0.0902684669096265
  - -0.012718037182545406
  - 0.4507760843779138
  - -0.24047432354746814
  - 0.15734493199729382
  - 0.6782118316684268
  - 0.08876759807920713
  - -0.11282268124211486
  - -0.11708277689921694
  - 0.00759582106112857
  covariance:
  - - 3.6144545205326564e-08
    - -4.790518343898441e-07
    - 1.4108655316485023e-07
    - 6.98661547281146e-06
    - 1.9075911069648208e-07
    - 1.700786275080874e-07
    - 1.2012989370761036e-05
    - 6.81871826313333e-09
    - -8.943970727344698e-08
    - 5.131150320009697e-07
    - 6.448285306309716e-08
  - - -4.790518343898441e-07
    - 1.064076406251859e-05
    - -1.8327294948173926e-05
    - 2.4483581585298796e-05
    - 6.477850077629146e-07
    - 5.296927798678576e-06
    - 5.609148061295304e-05
    - -2.7184230118974254e-07
    - 2.5524237269885254e-06
    - -2.4450018339175722e-06
    - -3.0010699374005603e-05
  - - 1.4108655316485023e-07
    - -1.8327294948173926e-05
    - 0.0003995095599889806
    - 0.00038510676515214387
    - 8.128734784288572e-06
    - 0.00017799581025327972
    - 0.0010412896718427866
    - 1.4756182814529647e-06
    - 7.901832652934878e-07
    - -2.9400355992690435e-05
    - 0.0002154145144324903
  - - 6.98661547281146e-06
    - 2.4483581585298796e-05
    - 0.00038510676515214387
    - 0.016675201795811525
    - 0.0002928100718836226
    - 0.0032799759164194526
    - 0.027493268415746792
    - -1.8198731004032965e-06
    - 6.236033899505947e-05
    - 0.0006101125417772464
    - -0.0009756670703710475
  - - 1.9075911069648208e-07
    - 6.477850077629146e-07
    - 8.128734784288572e-06
    - 0.0002928100718836226
    - 7.1277470055502314e-06
    - 3.3890130814673895e-05
    - 0.000547249616085921
    - -8.094362726946954e-08
    - 1.3502594640771454e-06
    - 1.0350262620952682e-05
    - -2.8384666831324748e-05
  - - 1.700786275080874e-07
    - 5.296927798678576e-06
    - 0.00017799581025327972
    - 0.0032799759164194526
    - 3.3890130814673895e-05
    - 0.0009803589764550455
    - 0.0047565614140907255
    - 4.7492593567773896e-07
    - 1.2148556662435454e-05
    - 0.00010029474289505484
    - 6.5466462571184064e-06
  - - 1.2012989370761036e-05
    - 5.609148061295304e-05
    - 0.0010412896718427866
    - 0.027493268415746792
    - 0.000547249616085921
    - 0.0047565614140907255
    - 0.04834059647703565
    - -4.542273328747012e-06
    - 0.00011574477244881003
    - 0.0009493912085404302
    - -0.0016907707013402338
  - - 6.81871826313333e-09
    - -2.7184230118974254e-07
    - 1.4756182814529647e-06
    - -1.8198731004032965e-06
    - -8.094362726946954e-08
    - 4.7492593567773896e-07
    - -4.542273328747012e-06
    - 4.493168001440483e-06
    - 1.750619970313395e-06
    - -4.256839447629959e-05
    - 6.811055038835513e-06
  - - -8.943970727344698e-08
    - 2.5524237269885254e-06
    - 7.901832652934878e-07
    - 6.236033899505947e-05
    - 1.3502594640771454e-06
    - 1.2148556662435454e-05
    - 0.00011574477244881003
    - 1.750619970313395e-06
    - 0.00026173191231500926
    - 7.645630416294952e-05
    - -0.0004942907889524293
  - - 5.131150320009697e-07
    - -2.4450018339175722e-06
    - -2.9400355992690435e-05
    - 0.0006101125417772464
    - 1.0350262620952682e-05
    - 0.00010029474289505484
    - 0.0009493912085404302
    - -4.256839447629959e-05
    - 7.645630416294952e-05
    - 0.013813832692183538
    - -0.0011182920064877276
  - - 6.448285306309716e-08
    - -3.0010699374005603e-05
    - 0.0002154145144324903
    - -0.0009756670703710475
    - -2.8384666831324748e-05
    - 6.5466462571184064e-06
    - -0.0016907707013402338
    - 6.811055038835513e-06
    - -0.0004942907889524293
    - -0.0011182920064877276
    - 0.249836217002054
  dof: 11
# }}}

#########################
# D -> eta form factors #
#########################
# {{{
# These form factors assume a eta-eta' mixing angle of 39.3 degrees
D->eta::f_0+f_++f_T@MR:2025A:
    type: MultivariateGaussian(Covariance)
    observables:
        [ 'D->eta::f_+(q2)', 'D->eta::f_+(q2)', 'D->eta::f_+(q2)', 'D->eta::f_+(q2)',
          'D->eta::f_0(q2)', 'D->eta::f_0(q2)',                    'D->eta::f_0(q2)',
          'D->eta::f_T(q2)', 'D->eta::f_T(q2)', 'D->eta::f_T(q2)', 'D->eta::f_T(q2)' ]
    kinematics:
        [ {q2: -1.0}, {q2: -0.5}, {q2: 0}, {q2: 0.5},
          {q2: -1.0}, {q2: -0.5},          {q2: 0.5},
          {q2: -1.0}, {q2: -0.5}, {q2: 0}, {q2: 0.5}]
    options:
        [ {form-factors: BSZ2015}, {form-factors: BSZ2015}, {form-factors: BSZ2015}, {form-factors: BSZ2015},
          {form-factors: BSZ2015}, {form-factors: BSZ2015}, {form-factors: BSZ2015},
          {form-factors: BSZ2015}, {form-factors: BSZ2015}, {form-factors: BSZ2015}, {form-factors: BSZ2015} ]
    means:
        [0.319957, 0.365386, 0.424483, 0.496054, 0.351569, 0.383069, 0.471533, 0.309121, 0.356032, 0.417682, 0.491041]
    covariance:
        - [0.0123316, 0.0138192, 0.0159143, 0.0183477, 0.013382, 0.0144947, 0.0174334, 0.0117707, 0.0134827, 0.0156771, 0.0181773]
        - [0.0138192, 0.0159534, 0.0181449, 0.0209041, 0.0152116, 0.0165109, 0.0198893, 0.0134085, 0.0153951, 0.0178998, 0.0207075]
        - [0.0159143, 0.0181449, 0.0212183, 0.0241153, 0.0175214, 0.0190337, 0.0229545, 0.0154479, 0.0177532, 0.0206494, 0.0238834]
        - [0.0183477, 0.0209041, 0.0241153, 0.0282034, 0.020192, 0.0219255, 0.0264603, 0.0177739, 0.020416, 0.0237639, 0.0275339]
        - [0.013382, 0.0152116, 0.0175214, 0.020192, 0.0149272, 0.0159609, 0.019186, 0.0129719, 0.0148696, 0.0172851, 0.0200197]
        - [0.0144947, 0.0165109, 0.0190337, 0.0219255, 0.0159609, 0.0175581, 0.0208565, 0.0140746, 0.0161616, 0.0187891, 0.0217301]
        - [0.0174334, 0.0198893, 0.0229545, 0.0264603, 0.019186, 0.0208565, 0.0255603, 0.0169014, 0.0194339, 0.0226181, 0.0261781]
        - [0.0117707, 0.0134085, 0.0154479, 0.0177739, 0.0129719, 0.0140746, 0.0169014, 0.0116204, 0.0131674, 0.0152904, 0.0176485]
        - [0.0134827, 0.0153951, 0.0177532, 0.020416, 0.0148696, 0.0161616, 0.0194339, 0.0131674, 0.0153521, 0.0175935, 0.0202721]
        - [0.0156771, 0.0178998, 0.0206494, 0.0237639, 0.0172851, 0.0187891, 0.0226181, 0.0152904, 0.0175935, 0.020727, 0.0235902]
        - [0.0181773, 0.0207075, 0.0238834, 0.0275339, 0.0200197, 0.0217301, 0.0261781, 0.0176485, 0.0202721, 0.0235902, 0.0277054]
D->eta_prime::f_0+f_++f_T@MR:2025A:
    type: MultivariateGaussian(Covariance)
    observables:
        [ 'D->eta_prime::f_+(q2)', 'D->eta_prime::f_+(q2)', 'D->eta_prime::f_+(q2)', 'D->eta_prime::f_+(q2)',
          'D->eta_prime::f_0(q2)', 'D->eta_prime::f_0(q2)',                          'D->eta_prime::f_0(q2)',
          'D->eta_prime::f_T(q2)', 'D->eta_prime::f_T(q2)', 'D->eta_prime::f_T(q2)', 'D->eta_prime::f_T(q2)' ]
    kinematics:
        [ {q2: -1.0}, {q2: -0.5}, {q2: 0}, {q2: 0.5},
          {q2: -1.0}, {q2: -0.5},          {q2: 0.5},
          {q2: -1.0}, {q2: -0.5}, {q2: 0}, {q2: 0.5}]
    options:
        [ {form-factors: BSZ2015}, {form-factors: BSZ2015}, {form-factors: BSZ2015}, {form-factors: BSZ2015},
          {form-factors: BSZ2015}, {form-factors: BSZ2015}, {form-factors: BSZ2015},
          {form-factors: BSZ2015}, {form-factors: BSZ2015}, {form-factors: BSZ2015}, {form-factors: BSZ2015} ]
    means:
        [0.236955, 0.27329, 0.319669, 0.375426, 0.278489, 0.297966, 0.335964, 0.269545, 0.313686, 0.369328, 0.433724]
    covariance:
        - [0.00877777, 0.0102182, 0.0121707, 0.0144549, 0.0103224, 0.0111989, 0.0128894, 0.00983587, 0.0116837, 0.0140301, 0.0166987]
        - [0.0102182, 0.0121553, 0.0143505, 0.0170514, 0.0121524, 0.0131981, 0.0151971, 0.0115863, 0.0137881, 0.016577, 0.0197378]
        - [0.0121707, 0.0143505, 0.0172888, 0.0203626, 0.0144883, 0.0157444, 0.0181373, 0.0138133, 0.0164592, 0.0198097, 0.0236075]
        - [0.0144549, 0.0170514, 0.0203626, 0.0244633, 0.0172258, 0.0187184, 0.0215726, 0.016407, 0.0195609, 0.0235662, 0.0281284]
        - [0.0103224, 0.0121524, 0.0144883, 0.0172258, 0.0124113, 0.0133315, 0.0153469, 0.0116911, 0.0139053, 0.0167191, 0.0199271]
        - [0.0111989, 0.0131981, 0.0157444, 0.0187184, 0.0133315, 0.0146217, 0.016675, 0.0127017, 0.0151259, 0.0181978, 0.0216841]
        - [0.0128894, 0.0151971, 0.0181373, 0.0215726, 0.0153469, 0.016675, 0.0193928, 0.0146264, 0.0174273, 0.0209789, 0.0250139]
        - [0.00983587, 0.0115863, 0.0138133, 0.016407, 0.0116911, 0.0127017, 0.0146264, 0.0112736, 0.0132785, 0.0159612, 0.0189942]
        - [0.0116837, 0.0137881, 0.0164592, 0.0195609, 0.0139053, 0.0151259, 0.0174273, 0.0132785, 0.0159958, 0.0190665, 0.0227017]
        - [0.0140301, 0.016577, 0.0198097, 0.0235662, 0.0167191, 0.0181978, 0.0209789, 0.0159612, 0.0190665, 0.0232025, 0.0274022]
        - [0.0166987, 0.0197378, 0.0236075, 0.0281284, 0.0199271, 0.0216841, 0.0250139, 0.0189942, 0.0227017, 0.0274022, 0.0330486]
D_s->eta::f_0+f_++f_T@MR:2025A:
    type: MultivariateGaussian(Covariance)
    observables:
        [ 'D_s->eta::f_+(q2)', 'D_s->eta::f_+(q2)', 'D_s->eta::f_+(q2)', 'D_s->eta::f_+(q2)',
          'D_s->eta::f_0(q2)', 'D_s->eta::f_0(q2)',                      'D_s->eta::f_0(q2)',
          'D_s->eta::f_T(q2)', 'D_s->eta::f_T(q2)', 'D_s->eta::f_T(q2)', 'D_s->eta::f_T(q2)' ]
    kinematics:
        [ {q2: -1.0}, {q2: -0.5}, {q2: 0}, {q2: 0.5},
          {q2: -1.0}, {q2: -0.5},          {q2: 0.5},
          {q2: -1.0}, {q2: -0.5}, {q2: 0}, {q2: 0.5}]
    options:
        [ {form-factors: BSZ2015}, {form-factors: BSZ2015}, {form-factors: BSZ2015}, {form-factors: BSZ2015},
          {form-factors: BSZ2015}, {form-factors: BSZ2015}, {form-factors: BSZ2015},
          {form-factors: BSZ2015}, {form-factors: BSZ2015}, {form-factors: BSZ2015}, {form-factors: BSZ2015} ]
    means:
        [-0.407888, -0.461786, -0.529813, -0.60572, -0.428988, -0.472542, -0.592596, -0.397221, -0.431424, -0.447589, -0.374284]
    covariance:
        - [0.000413655, 0.000136569, 0.000122668, 0.000101674, 0.000161545, 0.000147286, 0.0000753703, 0.000188652, 0.000180052, 0.000157188, 0.0000924643]
        - [0.000136569, 0.000479201, 0.000139947, 0.000136157, 0.000152006, 0.000149421, 0.000110362, 0.00017078, 0.000177922, 0.0001774, 0.000140916]
        - [0.000122668, 0.000139947, 0.000611491, 0.000181079, 0.000139856, 0.000152312, 0.00015573, 0.000147699, 0.000175276, 0.000203929, 0.000204816]
        - [0.000101674, 0.000136157, 0.000181079, 0.000813126, 0.00011975, 0.000148754, 0.000203228, 0.000112342, 0.000161544, 0.000222296, 0.000269219]
        - [0.000161545, 0.000152006, 0.000139856, 0.00011975, 0.000473452, 0.000165098, 0.0000886786, 0.000209123, 0.000203364, 0.000182998, 0.000116147]
        - [0.000147286, 0.000149421, 0.000152312, 0.000148754, 0.000165098, 0.000519855, 0.000119253, 0.000186558, 0.000195657, 0.000196782, 0.00015832]
        - [0.0000753703, 0.000110362, 0.00015573, 0.000203228, 0.0000886786, 0.000119253, 0.000750835, 0.0000733914, 0.000120464, 0.000180749, 0.000236866]
        - [0.000188652, 0.00017078, 0.000147699, 0.000112342, 0.000209123, 0.000186558, 0.0000733914, 0.000506778, 0.000240644, 0.000206016, 0.000109248]
        - [0.000180052, 0.000177922, 0.000175276, 0.000161544, 0.000203364, 0.000195657, 0.000120464, 0.000240644, 0.000546477, 0.000244345, 0.00018352]
        - [0.000157188, 0.0001774, 0.000203929, 0.000222296, 0.000182998, 0.000196782, 0.000180749, 0.000206016, 0.000244345, 0.000604152, 0.000279294]
        - [0.0000924643, 0.000140916, 0.000204816, 0.000269219, 0.000116147, 0.00015832, 0.000236866, 0.000109248, 0.00018352, 0.000279294, 0.000591049]
D_s->eta_prime::f_0+f_++f_T@MR:2025A:
    type: MultivariateGaussian(Covariance)
    observables:
        [ 'D_s->eta_prime::f_+(q2)', 'D_s->eta_prime::f_+(q2)', 'D_s->eta_prime::f_+(q2)', 'D_s->eta_prime::f_+(q2)',
          'D_s->eta_prime::f_0(q2)', 'D_s->eta_prime::f_0(q2)',                            'D_s->eta_prime::f_0(q2)',
          'D_s->eta_prime::f_T(q2)', 'D_s->eta_prime::f_T(q2)', 'D_s->eta_prime::f_T(q2)', 'D_s->eta_prime::f_T(q2)' ]
    kinematics:
        [ {q2: -1.0}, {q2: -0.5}, {q2: 0}, {q2: 0.5},
          {q2: -1.0}, {q2: -0.5},          {q2: 0.5},
          {q2: -1.0}, {q2: -0.5}, {q2: 0}, {q2: 0.5}]
    options:
        [ {form-factors: BSZ2015}, {form-factors: BSZ2015}, {form-factors: BSZ2015}, {form-factors: BSZ2015},
          {form-factors: BSZ2015}, {form-factors: BSZ2015}, {form-factors: BSZ2015},
          {form-factors: BSZ2015}, {form-factors: BSZ2015}, {form-factors: BSZ2015}, {form-factors: BSZ2015} ]
    means:
        [0.43756, 0.496141, 0.568267, 0.647698, 0.481136, 0.520401, 0.611963, 0.504241, 0.571704, 0.65104, 0.727]
    covariance:
        - [0.00200929, 0.00205606, 0.00235457, 0.0026809, 0.00199205, 0.00212051, 0.00198733, 0.00203723, 0.00230715, 0.00240528, 0.00248374]
        - [0.00205606, 0.00288629, 0.0028611, 0.0032605, 0.0024104, 0.00257182, 0.00239921, 0.00247191, 0.00280881, 0.00293346, 0.0030276]
        - [0.00235457, 0.0028611, 0.00381667, 0.00378426, 0.00276462, 0.00295719, 0.00279412, 0.00283323, 0.00323778, 0.00342009, 0.00358907]
        - [0.0026809, 0.0032605, 0.00378426, 0.00505711, 0.00314955, 0.00337687, 0.00327426, 0.00321531, 0.00370006, 0.00397825, 0.00429949]
        - [0.00199205, 0.0024104, 0.00276462, 0.00314955, 0.00270833, 0.00249049, 0.00232425, 0.002396, 0.00272063, 0.00284309, 0.00293733]
        - [0.00212051, 0.00257182, 0.00295719, 0.00337687, 0.00249049, 0.00309162, 0.00248935, 0.00255471, 0.00290979, 0.00305398, 0.00317131]
        - [0.00198733, 0.00239921, 0.00279412, 0.00327426, 0.00232425, 0.00248935, 0.00311938, 0.00235164, 0.00271289, 0.00297496, 0.00332965]
        - [0.00203723, 0.00247191, 0.00283323, 0.00321531, 0.002396, 0.00255471, 0.00235164, 0.00288474, 0.00281648, 0.002932, 0.00299753]
        - [0.00230715, 0.00280881, 0.00323778, 0.00370006, 0.00272063, 0.00290979, 0.00271289, 0.00281648, 0.00374753, 0.00340216, 0.0035444]
        - [0.00240528, 0.00293346, 0.00342009, 0.00397825, 0.00284309, 0.00305398, 0.00297496, 0.002932, 0.00340216, 0.00438507, 0.00405608]
        - [0.00248374, 0.0030276, 0.00358907, 0.00429949, 0.00293733, 0.00317131, 0.00332965, 0.00299753, 0.0035444, 0.00405608, 0.00562965]
# }}}
