# vim: set fdm=marker :

#########
# BESIII #
#########
#
# {{{
D^0->K^-e^+nu::BR[0.0,q2max]@BESIII:2015A:
    type: Gaussian
    observable: D->Klnu::BR
    kinematics: {q2_min: 5.0e-6, q2_max: 1.880} # q2_min is set to 5.0e-6 to avoid the numerical effect of the kinematic pole
    options: {q: u, l: e}
    mean: 3.505e-02
    sigma-stat: {hi: 0.014e-02, lo: -0.014e-02}
    sigma-sys: {hi: 0.033e-02, lo: -0.033e-02}
D^0->K^-e^+nu::normalizedwidth@BESIII:2015A:
    type: MultivariateGaussian(Covariance)
    observables:
        -   D->Klnu::P(q2_min,q2_max)
        -   D->Klnu::P(q2_min,q2_max)
        -   D->Klnu::P(q2_min,q2_max)
        -   D->Klnu::P(q2_min,q2_max)
        -   D->Klnu::P(q2_min,q2_max)
        -   D->Klnu::P(q2_min,q2_max)
        -   D->Klnu::P(q2_min,q2_max)
        -   D->Klnu::P(q2_min,q2_max)
        -   D->Klnu::P(q2_min,q2_max)
        -   D->Klnu::P(q2_min,q2_max)
        -   D->Klnu::P(q2_min,q2_max)
        -   D->Klnu::P(q2_min,q2_max)
        -   D->Klnu::P(q2_min,q2_max)
        -   D->Klnu::P(q2_min,q2_max)
        -   D->Klnu::P(q2_min,q2_max)
        -   D->Klnu::P(q2_min,q2_max)
        -   D->Klnu::P(q2_min,q2_max)
    kinematics:
        -   {q2_min: 5.0e-6, q2_max: 0.1} # q2_min is set to 5.0e-6 to avoid the numerical effect of the kinematic pole
        -   {q2_min: 0.1, q2_max: 0.2}
        -   {q2_min: 0.2, q2_max: 0.3}
        -   {q2_min: 0.3, q2_max: 0.4}
        -   {q2_min: 0.4, q2_max: 0.5}
        -   {q2_min: 0.5, q2_max: 0.6}
        -   {q2_min: 0.6, q2_max: 0.7}
        -   {q2_min: 0.7, q2_max: 0.8}
        -   {q2_min: 0.8, q2_max: 0.9}
        -   {q2_min: 0.9, q2_max: 1.0}
        -   {q2_min: 1.0, q2_max: 1.1}
        -   {q2_min: 1.1, q2_max: 1.2}
        -   {q2_min: 1.2, q2_max: 1.3}
        -   {q2_min: 1.3, q2_max: 1.4}
        -   {q2_min: 1.4, q2_max: 1.5}
        -   {q2_min: 1.5, q2_max: 1.6}
        -   {q2_min: 1.6, q2_max: 1.7}
    options:
        -   {q: u, l: e}
        -   {q: u, l: e}
        -   {q: u, l: e}
        -   {q: u, l: e}
        -   {q: u, l: e}
        -   {q: u, l: e}
        -   {q: u, l: e}
        -   {q: u, l: e}
        -   {q: u, l: e}
        -   {q: u, l: e}
        -   {q: u, l: e}
        -   {q: u, l: e}
        -   {q: u, l: e}
        -   {q: u, l: e}
        -   {q: u, l: e}
        -   {q: u, l: e}
        -   {q: u, l: e}
    means: [ 1.03278, 1.02469, 0.972188, 0.886865, 0.877372, 0.755482, 0.72665,
            0.646836, 0.58929, 0.530338, 0.465525, 0.389813, 0.331446, 0.268157,
            0.203579, 0.154003, 0.100559 ]
    covariance:
        - [4.80581e-04,3.82708e-05,7.22401e-05,6.58279e-05,6.57169e-05,5.65666e-05,5.53166e-05,4.88223e-05,4.49362e-05,4.00968e-05,3.46249e-05,2.83628e-05,2.41881e-05,1.97859e-05,1.50484e-05,1.14364e-05,8.19888e-06]
        - [3.82708e-05,3.62529e-04,2.83311e-05,6.67649e-05,6.33572e-05,5.523e-05,5.41853e-05,4.78326e-05,4.418e-05,3.9417e-05,3.39995e-05,2.78724e-05,2.3801e-05,1.94498e-05,1.48138e-05,1.12216e-05,8.07825e-06]
        - [7.22401e-05,2.83311e-05,3.4598e-04,1.9419e-05,6.38955e-05,5.2068e-05,5.21498e-05,4.58663e-05,4.26424e-05,3.7905e-05,3.26556e-05,2.67424e-05,2.29169e-05,1.87569e-05,1.43054e-05,1.08885e-05,7.86191e-06]
        - [6.58279e-05,6.67649e-05,1.9419e-05,3.2233e-04,1.46314e-05,5.34733e-05,4.88279e-05,4.41146e-05,4.08704e-05,3.63466e-05,3.12698e-05,2.55128e-05,2.18758e-05,1.80154e-05,1.37009e-05,1.04712e-05,7.62617e-06]
        - [6.57169e-05,6.33572e-05,6.38955e-05,1.46314e-05,3.16036e-04,1.04308e-05,5.1934e-05,4.34686e-05,4.11818e-05,3.64232e-05,3.12323e-05,2.55739e-05,2.195e-05,1.81008e-05,1.37841e-05,1.05808e-05,7.72507e-06]
        - [5.65666e-05,5.523e-05,5.2068e-05,5.34733e-05,1.04308e-05,2.60593e-04,6.07318e-06,4.01798e-05,3.47795e-05,3.12762e-05,2.69933e-05,2.20444e-05,1.89611e-05,1.56314e-05,1.1892e-05,9.12604e-06,6.67974e-06]
        - [5.53166e-05,5.41853e-05,5.21498e-05,4.88279e-05,5.1934e-05,6.07318e-06,2.47958e-04,3.78856e-06,3.68611e-05,3.01526e-05,2.65176e-05,2.15752e-05,1.85652e-05,1.5314e-05,1.16375e-05,8.96269e-06,6.5782e-06]
        - [4.88223e-05,4.78326e-05,4.58663e-05,4.41146e-05,4.34686e-05,4.01798e-05,3.78856e-06,2.16442e-04,8.23443e-07,2.90414e-05,2.30737e-05,1.91607e-05,1.64858e-05,1.36319e-05,1.03592e-05,8.00365e-06,5.85566e-06]
        - [4.49362e-05,4.418e-05,4.26424e-05,4.08704e-05,4.11818e-05,3.47795e-05,3.68611e-05,8.23443e-07,1.9348e-04,-1.08609e-06,2.30737e-05,1.75534e-05,1.53912e-05,1.2591e-05,9.66456e-06,7.46287e-06,5.50523e-06]
        - [4.00968e-05,3.9417e-05,3.7905e-05,3.63466e-05,3.64232e-05,3.12762e-05,3.01526e-05,2.90414e-05,-1.08609e-06,1.7071e-04,-3.46017e-06,1.70487e-05,1.32921e-05,1.12246e-05,8.52892e-06,6.57765e-06,4.83498e-06]
        - [3.46249e-05,3.39995e-05,3.26556e-05,3.12698e-05,3.12323e-05,2.69933e-05,2.65176e-05,2.30737e-05,2.30737e-05,-3.46017e-06,1.4499e-04,-5.16151e-06,1.24877e-05,9.43923e-06,7.34026e-06,5.63045e-06,4.12488e-06]
        - [2.83628e-05,2.78724e-05,2.67424e-05,2.55128e-05,2.55739e-05,2.20444e-05,2.15752e-05,1.91607e-05,1.75534e-05,1.70487e-05,-5.16151e-06,1.19644e-04,-5.74818e-06,8.48393e-06,5.80883e-06,4.5179e-06,3.34329e-06]
        - [2.41881e-05,2.3801e-05,2.29169e-05,2.18758e-05,2.195e-05,1.89611e-05,1.85652e-05,1.64858e-05,1.53912e-05,1.32921e-05,1.24877e-05,-5.74818e-06,9.89919e-05,-5.33035e-06,5.59344e-06,3.90074e-06,2.84734e-06]
        - [1.97859e-05,1.94498e-05,1.87569e-05,1.80154e-05,1.81008e-05,1.56314e-05,1.5314e-05,1.36319e-05,1.2591e-05,1.12246e-05,9.43923e-06,8.48393e-06,-5.33035e-06,8.14588e-05,-5.52635e-06,3.46058e-06,2.39301e-06]
        - [1.50484e-05,1.48138e-05,1.43054e-05,1.37009e-05,1.37841e-05,1.1892e-05,1.16375e-05,1.03592e-05,9.66456e-06,8.52892e-06,7.34026e-06,5.80883e-06,5.59344e-06,-5.52635e-06,6.30728e-05,-4.04443e-06,2.00958e-06]
        - [1.14364e-05,1.12216e-05,1.08885e-05,1.04712e-05,1.05808e-05,9.12604e-06,8.96269e-06,8.00365e-06,7.46287e-06,6.57765e-06,5.63045e-06,4.5179e-06,3.90074e-06,3.46058e-06,-4.04443e-06,4.63192e-05,-3.1383e-06]
        - [8.19888e-06,8.07825e-06,7.86191e-06,7.62617e-06,7.72507e-06,6.67974e-06,6.5782e-06,5.85566e-06,5.50523e-06,4.83498e-06,4.12488e-06,3.34329e-06,2.84734e-06,2.39301e-06,2.00958e-06,-3.1383e-06,3.42234e-05]
D^+->Kbar^0e^+nu::BR[0.0,q2max]@PDG:2023A:
    type: Gaussian
    observable: D->Klnu::BR
    kinematics: {q2_min: 5.0e-6, q2_max: 1.880} # q2_min is set to 5.0e-6 to avoid the numerical effect of the kinematic pole
    options: {q: d, l: e}
    mean: 8.72e-02
    sigma-stat: {hi: 0.09e-02, lo: -0.09e-02}
    sigma-sys: {hi: 0.0e-02, lo: -0.0e-02}
D^+->Kbar^0e^+nu::normalizedwidth@BESIII:2017A:
    type: MultivariateGaussian(Covariance)
    observables:
        -   D->Klnu::P(q2_min,q2_max)
        -   D->Klnu::P(q2_min,q2_max)
        -   D->Klnu::P(q2_min,q2_max)
        -   D->Klnu::P(q2_min,q2_max)
        -   D->Klnu::P(q2_min,q2_max)
        -   D->Klnu::P(q2_min,q2_max)
        -   D->Klnu::P(q2_min,q2_max)
        -   D->Klnu::P(q2_min,q2_max)
    kinematics:
        -   {q2_min: 5.0e-6, q2_max: 0.2} # q2_min is set to 5.0e-6 to avoid the numerical effect of the kinematic pole
        -   {q2_min: 0.2, q2_max: 0.4}
        -   {q2_min: 0.4, q2_max: 0.6}
        -   {q2_min: 0.6, q2_max: 0.8}
        -   {q2_min: 0.8, q2_max: 1.0}
        -   {q2_min: 1.0, q2_max: 1.2}
        -   {q2_min: 1.2, q2_max: 1.4}
        -   {q2_min: 1.4, q2_max: 1.6}
    options:
        -   {q: d, l: e}
        -   {q: d, l: e}
        -   {q: d, l: e}
        -   {q: d, l: e}
        -   {q: d, l: e}
        -   {q: d, l: e}
        -   {q: d, l: e}
        -   {q: d, l: e}
    means: [ 1.02463, 0.923198, 0.819345, 0.703417, 0.563338, 0.426277, 0.299481, 0.179326]
    covariance:
        - [0.00132765,0.000919994,0.000789366,0.000661479,0.000554842,0.000422276,0.000275015,0.000141686]
        - [0.000919994,0.00104384,0.00066042,0.000569775,0.000477414,0.000363344,0.000236634,0.000121907]
        - [0.000789366,0.00066042,0.00079283,0.000461292,0.000402733,0.000306296,0.000199686,0.000102872]
        - [0.000661479,0.000569775,0.000461292,0.00059314,0.000322318,0.000257302,0.000167209,0.0000862312]
        - [0.000554842,0.000477414,0.000402733,0.000322318,0.000433544,0.000203895,0.00014052,0.0000721667]
        - [0.000422276,0.000363344,0.000306296,0.000257302,0.000203895,0.000278097,0.0000995692,0.0000551817]
        - [0.000275015,0.000236634,0.000199686,0.000167209,0.00014052,0.0000995692,0.000149765,0.000031549]
        - [0.000141686,0.000121907,0.000102872,0.0000862312,0.0000721667,0.0000551817,0.000031549,0.0000666237]
D^0->K^-mu^+nu::BR[0.0,q2max]@BESIII:2019A:
    type: Gaussian
    observable: D->Klnu::BR
    kinematics: {q2_min: 0.0112, q2_max: 1.880}
    options: {q: u, l: mu}
    mean: 3.413e-02
    sigma-stat: {hi: 0.019e-02, lo: -0.019e-02}
    sigma-sys: {hi: 0.035e-02, lo: -0.035e-02}
D^0->K^-mu^+nu::normalizedwidth@BESIII:2019A:
    type: MultivariateGaussian(Covariance)
    observables:
        -   D->Klnu::P(q2_min,q2_max)
        -   D->Klnu::P(q2_min,q2_max)
        -   D->Klnu::P(q2_min,q2_max)
        -   D->Klnu::P(q2_min,q2_max)
        -   D->Klnu::P(q2_min,q2_max)
        -   D->Klnu::P(q2_min,q2_max)
        -   D->Klnu::P(q2_min,q2_max)
        -   D->Klnu::P(q2_min,q2_max)
        -   D->Klnu::P(q2_min,q2_max)
        -   D->Klnu::P(q2_min,q2_max)
        -   D->Klnu::P(q2_min,q2_max)
        -   D->Klnu::P(q2_min,q2_max)
        -   D->Klnu::P(q2_min,q2_max)
        -   D->Klnu::P(q2_min,q2_max)
        -   D->Klnu::P(q2_min,q2_max)
        -   D->Klnu::P(q2_min,q2_max)
        -   D->Klnu::P(q2_min,q2_max)
    kinematics:
        -   {q2_min: 0.0112, q2_max: 0.1}
        -   {q2_min: 0.1, q2_max: 0.2}
        -   {q2_min: 0.2, q2_max: 0.3}
        -   {q2_min: 0.3, q2_max: 0.4}
        -   {q2_min: 0.4, q2_max: 0.5}
        -   {q2_min: 0.5, q2_max: 0.6}
        -   {q2_min: 0.6, q2_max: 0.7}
        -   {q2_min: 0.7, q2_max: 0.8}
        -   {q2_min: 0.8, q2_max: 0.9}
        -   {q2_min: 0.9, q2_max: 1.0}
        -   {q2_min: 1.0, q2_max: 1.1}
        -   {q2_min: 1.1, q2_max: 1.2}
        -   {q2_min: 1.2, q2_max: 1.3}
        -   {q2_min: 1.3, q2_max: 1.4}
        -   {q2_min: 1.4, q2_max: 1.5}
        -   {q2_min: 1.5, q2_max: 1.6}
        -   {q2_min: 1.6, q2_max: 1.7}
    options:
        -   {q: u, l: mu}
        -   {q: u, l: mu}
        -   {q: u, l: mu}
        -   {q: u, l: mu}
        -   {q: u, l: mu}
        -   {q: u, l: mu}
        -   {q: u, l: mu}
        -   {q: u, l: mu}
        -   {q: u, l: mu}
        -   {q: u, l: mu}
        -   {q: u, l: mu}
        -   {q: u, l: mu}
        -   {q: u, l: mu}
        -   {q: u, l: mu}
        -   {q: u, l: mu}
        -   {q: u, l: mu}
        -   {q: u, l: mu}
    means: [ 0.84635, 1.0264, 0.959106, 0.888436, 0.883853, 0.821987, 0.740102,
            0.673533, 0.642539, 0.559569, 0.461041, 0.431736, 0.342615, 0.293894,
            0.211044, 0.155208, 0.097201 ]
    covariance:
        - [5.44106e-04,-7.50989e-06,1.74386e-05,-1.34456e-04,7.67358e-05,-3.74803e-05,7.83284e-05,-9.10289e-05,2.0417e-05,2.99455e-05,2.42231e-05,2.30454e-05,1.87385e-05,1.64976e-05,1.23025e-05,9.58525e-06,6.6168e-06]
        - [-7.50989e-06,4.88838e-04,3.52471e-05,1.2849e-04,3.83016e-05,8.21705e-05,2.75648e-05,9.30897e-05,4.49807e-05,3.42706e-05,2.87856e-05,2.75833e-05,2.23401e-05,1.96703e-05,1.46854e-05,1.14335e-05,7.87944e-06]
        - [1.74386e-05,3.52471e-05,4.42474e-04,9.29167e-05,3.65406e-05,8.22608e-05,2.33064e-05,9.61313e-05,4.33121e-05,3.23051e-05,2.7167e-05,2.58783e-05,2.10924e-05,1.85899e-05,1.38617e-05,1.08046e-05,7.45515e-06]
        - [-1.34456e-04,1.2849e-04,9.29167e-05,8.67237e-04,-8.32131e-05,2.53148e-04,-6.94183e-05,3.65288e-04,6.82812e-05,2.77798e-05,2.485e-05,2.39039e-05,1.95311e-05,1.72388e-05,1.28808e-05,1.00429e-05,6.93525e-06]
        - [7.67358e-05,3.83016e-05,3.65406e-05,-8.32131e-05,4.28833e-04,-3.93169e-05,6.18713e-05,-2.58835e-05,2.85799e-05,3.09357e-05,2.5366e-05,2.4177e-05,1.96628e-05,1.73432e-05,1.29386e-05,1.01197e-05,7.00053e-06]
        - [-3.74803e-05,8.21705e-05,8.22608e-05,2.53148e-04,-3.93169e-05,4.75336e-04,-5.20248e-05,1.81924e-04,4.70992e-05,2.75259e-05,2.36721e-05,2.27125e-05,1.85042e-05,1.62988e-05,1.21996e-05,9.55342e-06,6.60102e-06]
        - [7.83284e-05,2.75648e-05,2.33064e-05,-6.94183e-05,6.18713e-05,-5.20248e-05,3.49876e-04,-8.10091e-05,2.40427e-05,2.61485e-05,2.17529e-05,2.06457e-05,1.68462e-05,1.48482e-05,1.11277e-05,8.69965e-06,6.04059e-06]
        - [-9.10289e-05,9.30897e-05,9.61313e-05,3.65288e-04,-2.58835e-05,1.81924e-04,-8.10091e-05,5.01043e-04,2.05618e-05,2.36306e-05,1.91938e-05,1.87516e-05,1.53751e-05,1.36151e-05,1.01674e-05,8.01278e-06,5.56571e-06]
        - [2.0417e-05,4.49807e-05,4.33121e-05,6.82812e-05,2.85799e-05,4.70992e-05,2.40427e-05,2.05618e-05,2.45072e-04,-4.24168e-06,2.06614e-05,1.77102e-05,1.50858e-05,1.32889e-05,9.96919e-06,7.82805e-06,5.4496e-06]
        - [2.99455e-05,3.42706e-05,3.23051e-05,2.77798e-05,3.09357e-05,2.75259e-05,2.61485e-05,2.36306e-05,-4.24168e-06,2.184e-04,-6.42049e-06,1.75421e-05,1.28366e-05,1.16484e-05,8.74076e-06,6.87107e-06,4.79329e-06]
        - [2.42231e-05,2.87856e-05,2.7167e-05,2.485e-05,2.5366e-05,2.36721e-05,2.17529e-05,1.91938e-05,2.06614e-05,-6.42049e-06,1.80661e-04,-3.37921e-05,1.34466e-05,9.42995e-06,7.31176e-06,5.74346e-06,4.0139e-06]
        - [2.30454e-05,2.75833e-05,2.58783e-05,2.39039e-05,2.4177e-05,2.27125e-05,2.06457e-05,1.87516e-05,1.77102e-05,1.75421e-05,-3.37921e-05,6.17547e-04,-3.68087e-05,9.72378e-06,6.5275e-06,5.50885e-06,3.85533e-06]
        - [1.87385e-05,2.23401e-05,2.10924e-05,1.95311e-05,1.96628e-05,1.85042e-05,1.68462e-05,1.53751e-05,1.50858e-05,1.28366e-05,1.34466e-05,-3.68087e-05,1.62896e-04,-9.78475e-06,6.18152e-06,4.44518e-06,3.19027e-06]
        - [1.64976e-05,1.96703e-05,1.85899e-05,1.72388e-05,1.73432e-05,1.62988e-05,1.48482e-05,1.36151e-05,1.32889e-05,1.16484e-05,9.42995e-06,9.72378e-06,-9.78475e-06,1.5775e-04,-9.9402e-06,4.43152e-06,2.7748e-06]
        - [1.23025e-05,1.46854e-05,1.38617e-05,1.28808e-05,1.29386e-05,1.21996e-05,1.11277e-05,1.01674e-05,9.96919e-06,8.74076e-06,7.31176e-06,6.5275e-06,6.18152e-06,-9.9402e-06,1.20457e-04,-6.57401e-06,2.33373e-06]
        - [9.58525e-06,1.14335e-05,1.08046e-05,1.00429e-05,1.01197e-05,9.55342e-06,8.69965e-06,8.01278e-06,7.82805e-06,6.87107e-06,5.74346e-06,5.50885e-06,4.44518e-06,4.43152e-06,-6.57401e-06,6.82224e-05,-3.46689e-06]
        - [6.6168e-06,7.87944e-06,7.45515e-06,6.93525e-06,7.00053e-06,6.60102e-06,6.04059e-06,5.56571e-06,5.4496e-06,4.79329e-06,4.0139e-06,3.85533e-06,3.19027e-06,2.7748e-06,2.33373e-06,-3.46689e-06,4.77191e-05]
# }}}
