# vim: set fdm=marker :

#######################
# D_s decay constants #
#######################
# {{{
D_s^*::decay-constants@PZ:2021A:
    type: MultivariateGaussian
    observables: [ "decay-constant::D_s", "decay-constant::D_s^*" ]
    kinematics: [ {}, {} ]
    options: [ {}, {} ]
    means: [ 0.2257, 0.279]
    sigma-stat-hi: [ 0.0171, 0.019]
    sigma-stat-lo: [ 0.0174, 0.019]
    sigma-sys: [ 0., 0.]
    # Correlation estimated via error propagation
    correlations:
      - [1., 0.5]
      - [0.5, 1.]
D_s^*_T::decay-constants@PZ:2021A:
    type: MultivariateGaussian
    observables: [ "decay-constant::D_s", "decay-constant::D_s^*,T" ]
    kinematics: [ {}, {} ]
    options: [ {}, {} ]
    means: [ 0.2257, 0.256]
    sigma-stat-hi: [ 0.0171, 0.016]
    sigma-stat-lo: [ 0.0174, 0.017]
    sigma-sys: [ 0., 0. ]
    # Correlation estimated via error propagation
    correlations:
      - [1., 0.64]
      - [0.64, 1.]
#}}}


########################
# D -> K form factors #
########################
# {{{
D->K::f_++f_0@HPQCD:2021A:
    type: MultivariateGaussian(Covariance)
    observables:
      ['D->K::f_0(q2)', 'D->K::f_0(q2)', 'D->K::f_0(q2)',
       'D->K::f_+(q2)', 'D->K::f_+(q2)']
    kinematics:
      [{q2: 0.0}, {q2: 0.9}, {q2: 1.88}, {q2: 0.9}, {q2: 1.88}]
    options:
      [{form-factors: BFW2010}, {form-factors: BFW2010}, {form-factors: BFW2010},
       {form-factors: BFW2010}, {form-factors: BFW2010}]
    means:
      [0.737961, 0.844013, 1.01527, 0.980047, 1.46388]
    covariance:
      - [ 0.000019040966732521594,0.00001194335425072325,6.9510058291340666e-6,0.000017378201635999037,0.000012790696610712561]
      - [ 0.00001194335425072325,0.000011733304754400165,0.000010376863222547376,0.000015352267468217037,0.000022235727110099262]
      - [ 6.9510058291340666e-6,0.000010376863222547376,0.000016890281600979012,9.598194884681188e-6,0.000014970292332570872]
      - [ 0.000017378201635999037,0.000015352267468217037,9.598194884681188e-6,0.000036969501226239805,0.00008392722643162375]
      - [ 0.000012790696610712561,0.000022235727110099262,0.000014970292332570872,0.00008392722643162375,0.00040785314336299797]
    references:
      ['HPQCD:2021A']
D->K::f_++f_0@ETM:2017B:
    type: MultivariateGaussian(Covariance)
    observables:
      ['D->K::f_0(q2)', 'D->K::f_0(q2)', 'D->K::f_+(q2)']
    kinematics:
      [{q2: 0.0}, {q2: 1.0769}, {q2: 1.0769}]
    options:
      [{form-factors: BFW2010}, {form-factors: BFW2010}, {form-factors: BFW2010}]
    means:
      [0.7647, 0.878443, 1.01277]
    covariance:
      - [0.000950493,0.000641359,0.000755045]
      - [0.000641359,0.000662656,0.000644304]
      - [0.000755045,0.000644304,0.000752749]
D->K::f_T@ETM:2018A:
    type: MultivariateGaussian(Covariance)
    observables:
      ['D->K::f_T(q2)', 'D->K::f_T(q2)', 'D->K::f_T(q2)']
    kinematics:
      [{q2: 0.0}, {q2: 1.0769}, {q2: 1.88}]
    options:
      [{form-factors: BFW2010}, {form-factors: BFW2010}, {form-factors: BFW2010}]
    means:
      [0.6871, 0.928597, 1.16613]
    covariance:
      - [0.00293800,0.00241254,0.00174985]
      - [0.00241254,0.00258199,0.00238662]
      - [0.00174985,0.00238662,0.00309014]
# This constraint is correlated with D->K::f_++f_0@HPQCD:2021A
D->K::f_0+f_++f_T@HPQCD:2022A:
    type: MultivariateGaussian(Covariance)
    observables:
        [ 'D->K::f_0(q2)', 'D->K::f_0(q2)', 'D->K::f_0(q2)',
                           'D->K::f_+(q2)', 'D->K::f_+(q2)',
          'D->K::f_T(q2)', 'D->K::f_T(q2)', 'D->K::f_T(q2)' ]
    kinematics:
        [ {q2: 0}, {q2: 0.9}, {q2: 1.88},
                   {q2: 0.9}, {q2: 1.88},
          {q2: 0}, {q2: 0.9}, {q2: 1.88} ]
    options:
        [ {form-factors: BFW2010}, {form-factors: BFW2010}, {form-factors: BFW2010},
                                   {form-factors: BFW2010}, {form-factors: BFW2010},
          {form-factors: BFW2010}, {form-factors: BFW2010}, {form-factors: BFW2010} ]
    means: [ 0.74401,  0.84719,  1.01329,
                       0.985009, 1.46091,
             0.689973, 0.919072, 1.37238 ]
    covariance:
      - [ 0.0000160459, 9.87599e-06, 5.25599e-06, 0.0000144194, 0.0000100547, 3.27916e-06, 3.37667e-06, 3.89284e-06]
      - [ 9.87599e-06, 9.25586e-06, 8.03807e-06, 0.0000119486, 0.0000156557, 2.8009e-06, 3.88057e-06, 5.95483e-06]
      - [ 5.25599e-06, 8.03807e-06, 0.0000130941, 8.02912e-06, 0.0000139524, 3.20838e-06, 5.46605e-06, 9.9974e-06]
      - [ 0.0000144194, 0.0000119486, 8.02912e-06, 0.0000332247, 0.0000705429, 4.14624e-06, 6.40217e-06, 0.0000109883]
      - [ 0.0000100547, 0.0000156557, 0.0000139524, 0.0000705429, 0.000259077, 3.726e-06, 0.0000103044, 0.0000268513]
      - [ 3.27916e-06, 2.8009e-06, 3.20838e-06, 4.14624e-06, 3.726e-06, 0.000385491, 0.000419111, 0.00047013]
      - [ 3.37667e-06, 3.88057e-06, 5.46605e-06, 6.40217e-06, 0.0000103044, 0.000419111, 0.000515073, 0.000667127]
      - [ 3.89284e-06, 5.95483e-06, 9.9974e-06, 0.0000109883, 0.0000268513, 0.00047013, 0.000667127, 0.00106943]
    references:
      ['HPQCD:2022A']
D->K::f_++f_0@FNALMILC:2022A:
    type: MultivariateGaussian(Covariance)
    observables:
      ['D->K::f_0(q2)', 'D->K::f_0(q2)', 'D->K::f_0(q2)', 'D->K::f_0(q2)',
                        'D->K::f_+(q2)', 'D->K::f_+(q2)', 'D->K::f_+(q2)']
    kinematics:
      [{q2: 0.188009}, {q2: 0.695633}, {q2: 1.18446}, {q2: 1.69208}, {q2: 0.695633}, {q2: 1.18446}, {q2: 1.69208}]
    options:
      [{form-factors: BFW2010}, {form-factors: BFW2010}, {form-factors: BFW2010}, {form-factors: BFW2010},
       {form-factors: BFW2010}, {form-factors: BFW2010}, {form-factors: BFW2010}]
    means:
      [0.765347, 0.826568, 0.897305, 0.987439, 0.920402, 1.09208, 1.33979]
    covariance:
      - [ 0.00000961,0.00000600437,0.00000330399,0.000000585924,0.0000119004,0.0000143418,0.0000181437]
      - [ 0.00000600437,0.00000505466,0.00000404381,0.00000252814,0.00000686295,0.00000756114,0.00000837278]
      - [ 0.00000330399,0.00000404381,0.00000418907,0.0000036564,0.00000326983,0.00000292287,0.00000198892]
      - [ 0.000000585924,0.00000252814,0.0000036564,0.0000042538,-0.0000000411413,-0.00000100167,-0.0000028658]
      - [ 0.0000119004,0.00000686295,0.00000326983,-0.0000000411413,0.000028286,0.0000450074,0.0000699055]
      - [ 0.0000143418,0.00000756114,0.00000292287,-0.00000100167,0.0000450074,0.0000769167,0.000125261]
      - [ 0.0000181437,0.00000837278,0.00000198892,-0.0000028658,0.0000699055,0.000125261,0.000211146]
D->K::form-factors@BRvDV:2024A:
  type: MultivariateGaussian(Covariance)
  observables:
  - D->K::a^f+_0@BFW2010
  - D->K::a^f+_1@BFW2010
  - D->K::a^f+_2@BFW2010
  - D->K::a^f+_3@BFW2010
  - D->K::a^f0_1@BFW2010
  - D->K::a^f0_2@BFW2010
  - D->K::a^f0_3@BFW2010
  - D->K::a^fT_0@BFW2010
  - D->K::a^fT_1@BFW2010
  - D->K::a^fT_2@BFW2010
  - D->K::a^fT_3@BFW2010
  kinematics:
  - []
  - []
  - []
  - []
  - []
  - []
  - []
  - []
  - []
  - []
  - []
  options:
  - {}
  - {}
  - {}
  - {}
  - {}
  - {}
  - {}
  - {}
  - {}
  - {}
  - {}
  means:
  - 0.042936556030919865
  - -0.0902684669096265
  - -0.012718037182545406
  - 0.4507760843779138
  - -0.24047432354746814
  - 0.15734493199729382
  - 0.6782118316684268
  - 0.08876759807920713
  - -0.11282268124211486
  - -0.11708277689921694
  - 0.00759582106112857
  covariance:
  - - 3.6144545205326564e-08
    - -4.790518343898441e-07
    - 1.4108655316485023e-07
    - 6.98661547281146e-06
    - 1.9075911069648208e-07
    - 1.700786275080874e-07
    - 1.2012989370761036e-05
    - 6.81871826313333e-09
    - -8.943970727344698e-08
    - 5.131150320009697e-07
    - 6.448285306309716e-08
  - - -4.790518343898441e-07
    - 1.064076406251859e-05
    - -1.8327294948173926e-05
    - 2.4483581585298796e-05
    - 6.477850077629146e-07
    - 5.296927798678576e-06
    - 5.609148061295304e-05
    - -2.7184230118974254e-07
    - 2.5524237269885254e-06
    - -2.4450018339175722e-06
    - -3.0010699374005603e-05
  - - 1.4108655316485023e-07
    - -1.8327294948173926e-05
    - 0.0003995095599889806
    - 0.00038510676515214387
    - 8.128734784288572e-06
    - 0.00017799581025327972
    - 0.0010412896718427866
    - 1.4756182814529647e-06
    - 7.901832652934878e-07
    - -2.9400355992690435e-05
    - 0.0002154145144324903
  - - 6.98661547281146e-06
    - 2.4483581585298796e-05
    - 0.00038510676515214387
    - 0.016675201795811525
    - 0.0002928100718836226
    - 0.0032799759164194526
    - 0.027493268415746792
    - -1.8198731004032965e-06
    - 6.236033899505947e-05
    - 0.0006101125417772464
    - -0.0009756670703710475
  - - 1.9075911069648208e-07
    - 6.477850077629146e-07
    - 8.128734784288572e-06
    - 0.0002928100718836226
    - 7.1277470055502314e-06
    - 3.3890130814673895e-05
    - 0.000547249616085921
    - -8.094362726946954e-08
    - 1.3502594640771454e-06
    - 1.0350262620952682e-05
    - -2.8384666831324748e-05
  - - 1.700786275080874e-07
    - 5.296927798678576e-06
    - 0.00017799581025327972
    - 0.0032799759164194526
    - 3.3890130814673895e-05
    - 0.0009803589764550455
    - 0.0047565614140907255
    - 4.7492593567773896e-07
    - 1.2148556662435454e-05
    - 0.00010029474289505484
    - 6.5466462571184064e-06
  - - 1.2012989370761036e-05
    - 5.609148061295304e-05
    - 0.0010412896718427866
    - 0.027493268415746792
    - 0.000547249616085921
    - 0.0047565614140907255
    - 0.04834059647703565
    - -4.542273328747012e-06
    - 0.00011574477244881003
    - 0.0009493912085404302
    - -0.0016907707013402338
  - - 6.81871826313333e-09
    - -2.7184230118974254e-07
    - 1.4756182814529647e-06
    - -1.8198731004032965e-06
    - -8.094362726946954e-08
    - 4.7492593567773896e-07
    - -4.542273328747012e-06
    - 4.493168001440483e-06
    - 1.750619970313395e-06
    - -4.256839447629959e-05
    - 6.811055038835513e-06
  - - -8.943970727344698e-08
    - 2.5524237269885254e-06
    - 7.901832652934878e-07
    - 6.236033899505947e-05
    - 1.3502594640771454e-06
    - 1.2148556662435454e-05
    - 0.00011574477244881003
    - 1.750619970313395e-06
    - 0.00026173191231500926
    - 7.645630416294952e-05
    - -0.0004942907889524293
  - - 5.131150320009697e-07
    - -2.4450018339175722e-06
    - -2.9400355992690435e-05
    - 0.0006101125417772464
    - 1.0350262620952682e-05
    - 0.00010029474289505484
    - 0.0009493912085404302
    - -4.256839447629959e-05
    - 7.645630416294952e-05
    - 0.013813832692183538
    - -0.0011182920064877276
  - - 6.448285306309716e-08
    - -3.0010699374005603e-05
    - 0.0002154145144324903
    - -0.0009756670703710475
    - -2.8384666831324748e-05
    - 6.5466462571184064e-06
    - -0.0016907707013402338
    - 6.811055038835513e-06
    - -0.0004942907889524293
    - -0.0011182920064877276
    - 0.249836217002054
  dof: 11
# }}}

#########################
# D -> eta form factors #
#########################
# {{{
# These form factors assume a eta-eta' mixing angle of 39.3 degrees
D->eta::f_0+f_++f_T@MR:2025A:
    type: MultivariateGaussian(Covariance)
    observables:
        [ 'D->eta::f_+(q2)', 'D->eta::f_+(q2)', 'D->eta::f_+(q2)', 'D->eta::f_+(q2)',
          'D->eta::f_0(q2)', 'D->eta::f_0(q2)',                    'D->eta::f_0(q2)',
          'D->eta::f_T(q2)', 'D->eta::f_T(q2)', 'D->eta::f_T(q2)', 'D->eta::f_T(q2)' ]
    kinematics:
        [ {q2: -1.0}, {q2: -0.5}, {q2: 0}, {q2: 0.5},
          {q2: -1.0}, {q2: -0.5},          {q2: 0.5},
          {q2: -1.0}, {q2: -0.5}, {q2: 0}, {q2: 0.5}]
    options:
        [ {form-factors: BSZ2015}, {form-factors: BSZ2015}, {form-factors: BSZ2015}, {form-factors: BSZ2015},
          {form-factors: BSZ2015}, {form-factors: BSZ2015}, {form-factors: BSZ2015},
          {form-factors: BSZ2015}, {form-factors: BSZ2015}, {form-factors: BSZ2015}, {form-factors: BSZ2015} ]
    means:
        [0.319957, 0.365386, 0.424483, 0.496054, 0.351569, 0.383069, 0.471533, 0.309121, 0.356032, 0.417682, 0.491041]
    covariance:
        - [0.0123322, 0.01382, 0.015918, 0.0183564, 0.0133819, 0.0144955, 0.0174398, 0.0117688, 0.0134813, 0.0156795, 0.0181864]
        - [0.01382, 0.0159239, 0.0181138, 0.0209041, 0.0152002, 0.0164796, 0.0198574, 0.0133695, 0.0153295, 0.0178477, 0.0207156]
        - [0.015918, 0.0181138, 0.0212006, 0.0241612, 0.0175069, 0.0190005, 0.0229499, 0.0153914, 0.0176671, 0.0205994, 0.0239411]
        - [0.0183564, 0.0209041, 0.0241612, 0.0283428, 0.0201846, 0.021925, 0.0265487, 0.0177274, 0.0203649, 0.0237792, 0.0276831]
        - [0.0133819, 0.0152002, 0.0175069, 0.0201846, 0.0149232, 0.0159488, 0.019169, 0.0129593, 0.0148469, 0.0172642, 0.0200149]
        - [0.0144955, 0.0164796, 0.0190005, 0.021925, 0.0159488, 0.0175249, 0.0208223, 0.0140334, 0.0160922, 0.0187336, 0.0217381]
        - [0.0174398, 0.0198574, 0.0229499, 0.0265487, 0.019169, 0.0208223, 0.0255817, 0.0168297, 0.0193305, 0.0225713, 0.0262814]
        - [0.0117688, 0.0133695, 0.0153914, 0.0177274, 0.0129593, 0.0140334, 0.0168297, 0.0115844, 0.0130977, 0.0152163, 0.0176094]
        - [0.0134813, 0.0153295, 0.0176671, 0.0203649, 0.0148469, 0.0160922, 0.0193305, 0.0130977, 0.0152247, 0.0174717, 0.0202355]
        - [0.0156795, 0.0178477, 0.0205994, 0.0237792, 0.0172642, 0.0187336, 0.0225713, 0.0152163, 0.0174717, 0.0206363, 0.023621]
        - [0.0181864, 0.0207156, 0.0239411, 0.0276831, 0.0200149, 0.0217381, 0.0262814, 0.0176094, 0.0202355, 0.023621, 0.0278629]
D->eta_prime::f_0+f_++f_T@MR:2025A:
    type: MultivariateGaussian(Covariance)
    observables:
        [ 'D->eta_prime::f_+(q2)', 'D->eta_prime::f_+(q2)', 'D->eta_prime::f_+(q2)', 'D->eta_prime::f_+(q2)',
          'D->eta_prime::f_0(q2)', 'D->eta_prime::f_0(q2)',                          'D->eta_prime::f_0(q2)',
          'D->eta_prime::f_T(q2)', 'D->eta_prime::f_T(q2)', 'D->eta_prime::f_T(q2)', 'D->eta_prime::f_T(q2)' ]
    kinematics:
        [ {q2: -1.0}, {q2: -0.5}, {q2: 0}, {q2: 0.5},
          {q2: -1.0}, {q2: -0.5},          {q2: 0.5},
          {q2: -1.0}, {q2: -0.5}, {q2: 0}, {q2: 0.5}]
    options:
        [ {form-factors: BSZ2015}, {form-factors: BSZ2015}, {form-factors: BSZ2015}, {form-factors: BSZ2015},
          {form-factors: BSZ2015}, {form-factors: BSZ2015}, {form-factors: BSZ2015},
          {form-factors: BSZ2015}, {form-factors: BSZ2015}, {form-factors: BSZ2015}, {form-factors: BSZ2015} ]
    means:
        [0.236955, 0.27329, 0.319669, 0.375426, 0.278489, 0.297966, 0.335964, 0.269545, 0.313686, 0.369328, 0.433724]
    covariance:
        - [0.00864243, 0.0100163, 0.0118975, 0.0141146, 0.0101207, 0.010955, 0.0126018, 0.00964561, 0.011396, 0.0136403, 0.0162212]
        - [0.0100163, 0.0118541, 0.0139429, 0.0165438, 0.0118515, 0.0128343, 0.0147682, 0.0113024, 0.013359, 0.0159954, 0.0190256]
        - [0.0118975, 0.0139429, 0.0167374, 0.0196758, 0.0140811, 0.0152522, 0.017557, 0.0134291, 0.0158784, 0.0190229, 0.0226438]
        - [0.0141146, 0.0165438, 0.0196758, 0.023608, 0.0167186, 0.0181054, 0.0208498, 0.0159285, 0.0188376, 0.0225861, 0.026928]
        - [0.0101207, 0.0118515, 0.0140811, 0.0167186, 0.0121109, 0.0129682, 0.0149182, 0.0114077, 0.0134767, 0.0161382, 0.0192156]
        - [0.010955, 0.0128343, 0.0152522, 0.0181054, 0.0129682, 0.0141824, 0.0161569, 0.0123589, 0.0146077, 0.0174956, 0.0208239]
        - [0.0126018, 0.0147682, 0.017557, 0.0208498, 0.0149182, 0.0161569, 0.0187822, 0.014222, 0.016816, 0.0201507, 0.0239996]
        - [0.00964561, 0.0113024, 0.0134291, 0.0159285, 0.0114077, 0.0123589, 0.014222, 0.0110062, 0.0128741, 0.0154132, 0.018323]
        - [0.011396, 0.013359, 0.0158784, 0.0188376, 0.0134767, 0.0146077, 0.016816, 0.0128741, 0.0153844, 0.018238, 0.0216869]
        - [0.0136403, 0.0159954, 0.0190229, 0.0225861, 0.0161382, 0.0174956, 0.0201507, 0.0154132, 0.018238, 0.0220799, 0.0260271]
        - [0.0162212, 0.0190256, 0.0226438, 0.026928, 0.0192156, 0.0208239, 0.0239996, 0.018323, 0.0216869, 0.0260271, 0.0313643]
# D_s->eta::f_0+f_++f_T@MR:2025A:
#     type: MultivariateGaussian(Covariance)
#     observables:
#         [ 'D_s->eta::f_+(q2)', 'D_s->eta::f_+(q2)', 'D_s->eta::f_+(q2)', 'D_s->eta::f_+(q2)',
#           'D_s->eta::f_0(q2)', 'D_s->eta::f_0(q2)',                      'D_s->eta::f_0(q2)',
#           'D_s->eta::f_T(q2)', 'D_s->eta::f_T(q2)', 'D_s->eta::f_T(q2)', 'D_s->eta::f_T(q2)' ]
#     kinematics:
#         [ {q2: -1.0}, {q2: -0.5}, {q2: 0}, {q2: 0.5},
#           {q2: -1.0}, {q2: -0.5},          {q2: 0.5},
#           {q2: -1.0}, {q2: -0.5}, {q2: 0}, {q2: 0.5}]
#     options:
#         [ {form-factors: BSZ2015}, {form-factors: BSZ2015}, {form-factors: BSZ2015}, {form-factors: BSZ2015},
#           {form-factors: BSZ2015}, {form-factors: BSZ2015}, {form-factors: BSZ2015},
#           {form-factors: BSZ2015}, {form-factors: BSZ2015}, {form-factors: BSZ2015}, {form-factors: BSZ2015} ]
#     means:
#         [0.102628, 0.127681, 0.164154, 0.220345, 0.127773, 0.143316, 0.193405, 0.105099, 0.130802, 0.168497, 0.227037]
#     covariance:
#         - [0.0123322, 0.01382, 0.015918, 0.0183564, 0.0133819, 0.0144955, 0.0174398, 0.0117688, 0.0134813, 0.0156795, 0.0181864]
#         - [0.01382, 0.0159239, 0.0181138, 0.0209041, 0.0152002, 0.0164796, 0.0198574, 0.0133695, 0.0153295, 0.0178477, 0.0207156]
#         - [0.015918, 0.0181138, 0.0212006, 0.0241612, 0.0175069, 0.0190005, 0.0229499, 0.0153914, 0.0176671, 0.0205994, 0.0239411]
#         - [0.0183564, 0.0209041, 0.0241612, 0.0283428, 0.0201846, 0.021925, 0.0265487, 0.0177274, 0.0203649, 0.0237792, 0.0276831]
#         - [0.0133819, 0.0152002, 0.0175069, 0.0201846, 0.0149232, 0.0159488, 0.019169, 0.0129593, 0.0148469, 0.0172642, 0.0200149]
#         - [0.0144955, 0.0164796, 0.0190005, 0.021925, 0.0159488, 0.0175249, 0.0208223, 0.0140334, 0.0160922, 0.0187336, 0.0217381]
#         - [0.0174398, 0.0198574, 0.0229499, 0.0265487, 0.019169, 0.0208223, 0.0255817, 0.0168297, 0.0193305, 0.0225713, 0.0262814]
#         - [0.0117688, 0.0133695, 0.0153914, 0.0177274, 0.0129593, 0.0140334, 0.0168297, 0.0115844, 0.0130977, 0.0152163, 0.0176094]
#         - [0.0134813, 0.0153295, 0.0176671, 0.0203649, 0.0148469, 0.0160922, 0.0193305, 0.0130977, 0.0152247, 0.0174717, 0.0202355]
#         - [0.0156795, 0.0178477, 0.0205994, 0.0237792, 0.0172642, 0.0187336, 0.0225713, 0.0152163, 0.0174717, 0.0206363, 0.023621]
#         - [0.0181864, 0.0207156, 0.0239411, 0.0276831, 0.0200149, 0.0217381, 0.0262814, 0.0176094, 0.0202355, 0.023621, 0.0278629]
# D_s->eta_prime::f_0+f_++f_T@MR:2025A:
#     type: MultivariateGaussian(Covariance)
#     observables:
#         [ 'D_s->eta_prime::f_+(q2)', 'D_s->eta_prime::f_+(q2)', 'D_s->eta_prime::f_+(q2)', 'D_s->eta_prime::f_+(q2)',
#           'D_s->eta_prime::f_0(q2)', 'D_s->eta_prime::f_0(q2)',                            'D_s->eta_prime::f_0(q2)',
#           'D_s->eta_prime::f_T(q2)', 'D_s->eta_prime::f_T(q2)', 'D_s->eta_prime::f_T(q2)', 'D_s->eta_prime::f_T(q2)' ]
#     kinematics:
#         [ {q2: -1.0}, {q2: -0.5}, {q2: 0}, {q2: 0.5},
#           {q2: -1.0}, {q2: -0.5},          {q2: 0.5},
#           {q2: -1.0}, {q2: -0.5}, {q2: 0}, {q2: 0.5}]
#     options:
#         [ {form-factors: BSZ2015}, {form-factors: BSZ2015}, {form-factors: BSZ2015}, {form-factors: BSZ2015},
#           {form-factors: BSZ2015}, {form-factors: BSZ2015}, {form-factors: BSZ2015},
#           {form-factors: BSZ2015}, {form-factors: BSZ2015}, {form-factors: BSZ2015}, {form-factors: BSZ2015} ]
#     means:
#         [0.101765, 0.126562, 0.162593, 0.218074, 0.0804856, 0.100025, 0.171889, 0.0804856, 0.100025, 0.12836, 0.171889]
#     covariance:
#         - [0.0000407211, 0.0000386909, 0.000038703, 0.0000344328, 0.0000175807, 0.0000164906, 5.16495e-6, 0.0000175807, 0.0000164906, 0.000013234,  5.16495e-6]
#         - [0.0000386909, 0.0000449363, 0.0000417166, 0.0000388353, 0.0000215817, 0.0000214686, 0.0000139146, 0.0000215817, 0.0000214686, 0.0000196988, 0.0000139146]
#         - [0.000038703, 0.0000417166, 0.0000492335, 0.000046281, 0.0000269909, 0.0000287263, 0.0000302671, 0.0000269909, 0.0000287263, 0.0000302687, 0.0000302671]
#         - [0.0000344328, 0.0000388353, 0.000046281, 0.0000633009, 0.0000360577, 0.0000415956, 0.0000632844, 0.0000360577, 0.0000415956, 0.0000502869, 0.0000632844]
#         - [0.0000175807, 0.0000215817, 0.0000269909, 0.0000360577, 0.000169492, 0.000188674, 0.000308498, 0.000154084, 0.000188674, 0.000236679, 0.000308498]
#         - [0.0000164906, 0.0000214686, 0.0000287263, 0.0000415956, 0.000188674, 0.000255163, 0.000383547, 0.000188674, 0.000231967, 0.000292454, 0.000383547]
#         - [5.16495e-6, 0.0000139146, 0.0000302671, 0.0000632844, 0.000308498, 0.000383547, 0.0007227, 0.000308498, 0.000383547, 0.00049114, 0.000657]
#         - [0.0000175807, 0.0000215817, 0.0000269909, 0.0000360577, 0.000154084, 0.000188674, 0.000308498, 0.000169492, 0.000188674, 0.000236679, 0.000308498]
#         - [0.0000164906, 0.0000214686, 0.0000287263, 0.0000415956, 0.000188674, 0.000231967, 0.000383547, 0.000188674, 0.000255163, 0.000292454, 0.000383547]
#         - [0.000013234, 0.0000196988, 0.0000302687, 0.0000502869, 0.000236679, 0.000292454, 0.00049114, 0.000236679, 0.000292454, 0.000408378, 0.00049114]
#         - [5.16495e-6, 0.0000139146, 0.0000302671, 0.0000632844, 0.000308498, 0.000383547, 0.000657, 0.000308498, 0.000383547, 0.00049114, 0.0007227]
# }}}
