# vim: set fdm=marker :

########################
# D -> K form factors #
########################
# {{{
D->K::f_++f_0@HPQCD:2021A:
    type: MultivariateGaussian(Covariance)
    observables:
      ['D->K::f_0(q2)', 'D->K::f_0(q2)', 'D->K::f_0(q2)',
       'D->K::f_+(q2)', 'D->K::f_+(q2)']
    kinematics:
      [{q2: 0.0}, {q2: 0.9}, {q2: 1.88}, {q2: 0.9}, {q2: 1.88}]
    options:
      [{form-factors: BFW2010}, {form-factors: BFW2010}, {form-factors: BFW2010},
       {form-factors: BFW2010}, {form-factors: BFW2010}]
    means:
      [0.737961, 0.844013, 1.01527, 0.980047, 1.46388]
    covariance:
      - [ 0.000019040966732521594,0.00001194335425072325,6.9510058291340666e-6,0.000017378201635999037,0.000012790696610712561]
      - [ 0.00001194335425072325,0.000011733304754400165,0.000010376863222547376,0.000015352267468217037,0.000022235727110099262]
      - [ 6.9510058291340666e-6,0.000010376863222547376,0.000016890281600979012,9.598194884681188e-6,0.000014970292332570872]
      - [ 0.000017378201635999037,0.000015352267468217037,9.598194884681188e-6,0.000036969501226239805,0.00008392722643162375]
      - [ 0.000012790696610712561,0.000022235727110099262,0.000014970292332570872,0.00008392722643162375,0.00040785314336299797]
D->K::f_++f_0@ETM:2017B:
    type: MultivariateGaussian(Covariance)
    observables:
      ['D->K::f_0(q2)', 'D->K::f_0(q2)', 'D->K::f_+(q2)']
    kinematics:
      [{q2: 0.0}, {q2: 1.0769}, {q2: 1.0769}]
    options:
      [{form-factors: BFW2010}, {form-factors: BFW2010}, {form-factors: BFW2010}]
    means:
      [0.7647, 0.878443, 1.01277]
    covariance:
      - [0.000950493,0.000641359,0.000755045]
      - [0.000641359,0.000662656,0.000644304]
      - [0.000755045,0.000644304,0.000752749]
D->K::f_T@ETM:2018A:
    type: MultivariateGaussian(Covariance)
    observables:
      ['D->K::f_T(q2)', 'D->K::f_T(q2)', 'D->K::f_T(q2)']
    kinematics:
      [{q2: 0.0}, {q2: 1.0769}, {q2: 1.88}]
    options:
      [{form-factors: BFW2010}, {form-factors: BFW2010}, {form-factors: BFW2010}]
    means:
      [0.6871, 0.928597, 1.16613]
    covariance:
      - [0.00293800,0.00241254,0.00174985]
      - [0.00241254,0.00258199,0.00238662]
      - [0.00174985,0.00238662,0.00309014]
# This constraint is correlated with D->K::f_++f_0@HPQCD:2021A
D->K::f_0+f_++f_T@HPQCD:2022A:
    type: MultivariateGaussian(Covariance)
    observables:
        [ 'D->K::f_0(q2)', 'D->K::f_0(q2)', 'D->K::f_0(q2)',
                           'D->K::f_+(q2)', 'D->K::f_+(q2)',
          'D->K::f_T(q2)', 'D->K::f_T(q2)', 'D->K::f_T(q2)' ]
    kinematics:
        [ {q2: 0}, {q2: 0.9}, {q2: 1.88},
                   {q2: 0.9}, {q2: 1.88},
          {q2: 0}, {q2: 0.9}, {q2: 1.88} ]
    options:
        [ {form-factors: BFW2010}, {form-factors: BFW2010}, {form-factors: BFW2010},
                                   {form-factors: BFW2010}, {form-factors: BFW2010},
          {form-factors: BFW2010}, {form-factors: BFW2010}, {form-factors: BFW2010} ]
    means: [ 0.74401,  0.84719,  1.01329,
                       0.985009, 1.46091,
             0.689973, 0.919072, 1.37238 ]
    covariance:
      - [ 0.0000160459, 9.87599e-06, 5.25599e-06, 0.0000144194, 0.0000100547, 3.27916e-06, 3.37667e-06, 3.89284e-06]
      - [ 9.87599e-06, 9.25586e-06, 8.03807e-06, 0.0000119486, 0.0000156557, 2.8009e-06, 3.88057e-06, 5.95483e-06]
      - [ 5.25599e-06, 8.03807e-06, 0.0000130941, 8.02912e-06, 0.0000139524, 3.20838e-06, 5.46605e-06, 9.9974e-06]
      - [ 0.0000144194, 0.0000119486, 8.02912e-06, 0.0000332247, 0.0000705429, 4.14624e-06, 6.40217e-06, 0.0000109883]
      - [ 0.0000100547, 0.0000156557, 0.0000139524, 0.0000705429, 0.000259077, 3.726e-06, 0.0000103044, 0.0000268513]
      - [ 3.27916e-06, 2.8009e-06, 3.20838e-06, 4.14624e-06, 3.726e-06, 0.000385491, 0.000419111, 0.00047013]
      - [ 3.37667e-06, 3.88057e-06, 5.46605e-06, 6.40217e-06, 0.0000103044, 0.000419111, 0.000515073, 0.000667127]
      - [ 3.89284e-06, 5.95483e-06, 9.9974e-06, 0.0000109883, 0.0000268513, 0.00047013, 0.000667127, 0.00106943]
