# vim: set fdm=marker :

###########
# BES III #
###########
#
# 2023
#
# {{{
# Combination of D_s^+->etamunu::BES:2023A and D_s^+->etaenu::BES:2023B, assuming 100% correlated systematic uncertainties and combining the eta decay modes
D_s^+->etalnu::KinematicalDistribution[q2]@MR:2025A:
    type: MultivariateGaussian(Covariance)
    observables:
      [ 'D_s->etalnu::P(q2_min,q2_max)', 'D_s->etalnu::P(q2_min,q2_max)', 'D_s->etalnu::P(q2_min,q2_max)', 'D_s->etalnu::P(q2_min,q2_max)',
        'D_s->etalnu::P(q2_min,q2_max)', 'D_s->etalnu::P(q2_min,q2_max)', 'D_s->etalnu::P(q2_min,q2_max)',
        'D_s->etalnu::P(q2_min,q2_max)', 'D_s->etalnu::P(q2_min,q2_max)', 'D_s->etalnu::P(q2_min,q2_max)', 'D_s->etalnu::P(q2_min,q2_max)',
        'D_s->etalnu::P(q2_min,q2_max)', 'D_s->etalnu::P(q2_min,q2_max)', 'D_s->etalnu::P(q2_min,q2_max)' ]
    kinematics:
      [ {q2_min: 1e-5,   q2_max: 0.2}, {q2_min: 0.2, q2_max: 0.4}, {q2_min: 0.4, q2_max: 0.6}, {q2_min: 0.6, q2_max: 0.8},
        {q2_min: 0.8,    q2_max: 1.0}, {q2_min: 1.0, q2_max: 1.2}, {q2_min: 1.2, q2_max: 1.4},
        {q2_min: 0.0112, q2_max: 0.2}, {q2_min: 0.2, q2_max: 0.4}, {q2_min: 0.4, q2_max: 0.6}, {q2_min: 0.6, q2_max: 0.8},
        {q2_min: 0.8,    q2_max: 1.0}, {q2_min: 1.0, q2_max: 1.2}, {q2_min: 1.2, q2_max: 1.4} ]
    options:
      [ {q: s, l: e},  {q: s, l: e},  {q: s, l: e},  {q: s, l: e},  {q: s, l: e},  {q: s, l: e},  {q: s, l: e},
        {q: s, l: mu}, {q: s, l: mu}, {q: s, l: mu}, {q: s, l: mu}, {q: s, l: mu}, {q: s, l: mu}, {q: s, l: mu} ]
    means:
      [ 0.189807, 0.158732, 0.152375, 0.135427, 0.107124, 0.098136, 0.081282, 0.15781, 0.17665, 0.152165, 0.128183, 0.120361, 0.0953147, 0.0750427]
    covariance:
      - [ 0.0000595753, -0.0000215321, -0.0000103512, -6.27835e-6, -7.12267e-6, -4.98321e-6, -4.04833e-6, 3.8175e-6, -6.95535e-7, -2.90447e-6, -3.12811e-7, -4.78866e-7, 4.11761e-8, 5.26887e-7]
      - [-0.0000215321, 0.0000723361, -0.0000234371, -4.99367e-6, -5.53389e-6, -6.81165e-6, -4.87286e-6, -3.12899e-7, 4.00198e-6, 1.64917e-6, -2.11573e-6, 7.5306e-7, -2.60404e-6, -1.99303e-7]
      - [-0.0000103512, -0.0000234371, 0.0000859727, -0.0000296726, -2.34359e-6, -7.88784e-6, -6.68374e-6, -2.43869e-6, 1.12048e-6, 9.5412e-6, -2.81042e-6, 8.56259e-7, -2.99778e-6, -1.44242e-6]
      - [-6.27835e-6, -4.99367e-6, -0.0000296726, 0.0000755829, -0.0000243052, -3.18419e-6, -3.25492e-6, -2.86104e-7, -1.93891e-6, -3.36914e-6, 5.69252e-6, -2.06964e-6, 1.42558e-6, 1.78024e-8]
      - [-7.12267e-6, -5.53389e-6, -2.34359e-6, -0.0000243052, 0.000066649, -0.0000218087, -1.73609e-6, -6.1739e-7, 6.94631e-7, 1.35044e-6, -1.95514e-6, 4.29873e-6, -2.50172e-6, 1.85597e-7]
      - [-4.98321e-6, -6.81165e-6, -7.88784e-6, -3.18419e-6, -0.0000218087, 0.0000630105, -0.0000163776, -3.29797e-7, -2.09234e-6, -3.2254e-6, 1.18795e-6, -2.36229e-6, 6.8047e-6, -7.65002e-7]
      - [-4.04833e-6, -4.87286e-6, -6.68374e-6, -3.25492e-6, -1.73609e-6, -0.0000163776, 0.0000465297, 3.29858e-7, -3.35924e-7, -1.535e-6, -6.77948e-8, 4.01266e-7, -7.70133e-7, 2.01303e-6]
      - [ 3.8175e-6, -3.12899e-7, -2.43869e-6, -2.86104e-7, -6.1739e-7, -3.29797e-7, 3.29858e-7, 0.0000900192, -0.0000305229, -0.0000131369, -0.0000118815, -9.0666e-6, -8.37918e-6, -7.87092e-6]
      - [-6.95535e-7, 4.00198e-6, 1.12048e-6, -1.93891e-6, 6.94631e-7, -2.09234e-6, -3.35924e-7, -0.0000305229, 0.000118823, -0.0000372194, -0.000012243, -8.43184e-6, -0.000010652, -8.33024e-6]
      - [-2.90447e-6, 1.64917e-6, 9.5412e-6, -3.36914e-6, 1.35044e-6, -3.2254e-6, -1.535e-6, -0.0000131369, -0.0000372194, 0.000123098, -0.000036507, -5.02714e-6, -0.0000111882, -8.53539e-6]
      - [-3.12811e-7, -2.11573e-6, -2.81042e-6, 5.69252e-6, -1.95514e-6, 1.18795e-6, -6.77948e-8, -0.0000118815, -0.000012243, -0.000036507, 0.000104824, -0.0000296816, -6.92864e-7, -7.19395e-6]
      - [-4.78866e-7, 7.5306e-7, 8.56259e-7, -2.06964e-6, 4.29873e-6, -2.36229e-6, 4.01266e-7, -9.0666e-6, -8.43184e-6, -5.02714e-6, -0.0000296816, 0.0000878911, -0.0000236651, -2.90761e-6]
      - [ 4.11761e-8, -2.60404e-6, -2.99778e-6, 1.42558e-6, -2.50172e-6, 6.8047e-6, -7.70133e-7, -8.37918e-6, -0.000010652, -0.0000111882, -6.92864e-7, -0.0000236651, 0.0000774726, -0.0000196903]
      - [ 5.26887e-7, -1.99303e-7, -1.44242e-6, 1.78024e-8, 1.85597e-7, -7.65002e-7, 2.01303e-6, -7.87092e-6, -8.33024e-6, -8.53539e-6, -7.19395e-6, -2.90761e-6, -0.0000196903, 0.0000694294]
D_s^+->eta_primelnu::KinematicalDistribution[q2]@MR:2025A:
    type: MultivariateGaussian(Covariance)
    observables:
      [ 'D_s->eta_primelnu::P(q2_min,q2_max)', 'D_s->eta_primelnu::P(q2_min,q2_max)', 'D_s->eta_primelnu::P(q2_min,q2_max)', 'D_s->eta_primelnu::P(q2_min,q2_max)' ]
    kinematics:
      [ {q2_min: 1e-5,   q2_max: 0.3}, {q2_min: 0.3, q2_max: 0.6}, {q2_min: 0.0112, q2_max: 0.3}, {q2_min: 0.3, q2_max: 0.6} ]
    options:
      [ {q: s, l: e}, {q: s, l: e}, {q: s, l: mu}, {q: s, l: mu} ]
    means:
      [ 0.518659, 0.339985, 0.442439, 0.402658]
    covariance:
      - [ 0.000719724, -0.000473071, 0.0000594679, -0.000041702]
      - [-0.000473071, 0.000730398, -0.0000405118, 0.0000624473]
      - [ 0.0000594679, -0.0000405118, 0.00139639, -0.00095621]
      - [-0.000041702, 0.0000624473, -0.00095621, 0.00139517]
# }}}

#######
# PDG #
#######
#
# 2024
#
# {{{
D_s^+->etae^+nu::BR@PDG:2024A:
    type: Gaussian
    observable: D_s->etalnu::BR
    kinematics: {q2_min: 1e-5, q2_max: 2.016}
    options: {q: s, l: e}
    mean: 2.26e-02
    sigma-stat: {hi: 0.06e-02, lo: -0.06e-02}
    sigma-sys: {hi: 0., lo: 0.}
D_s^+->eta_primee^+nu::BR@PDG:2024A:
    type: Gaussian
    observable: D_s->eta_primelnu::BR
    kinematics: {q2_min: 1e-5, q2_max: 1.02}
    options: {q: s, l: e}
    mean: 0.80e-02
    sigma-stat: {hi: 0.04e-02, lo: -0.04e-02}
    sigma-sys: {hi: 0., lo: 0.}
# Not yet in PDG, averages of BES:2023A and BES:2017A
D_s^+->etamu^+nu::BR@MR:2025A:
    type: Gaussian
    observable: D_s->etalnu::BR
    kinematics: {q2_min: 0.0112, q2_max: 2.016}
    options: {q: s, l: mu}
    mean: 2.24e-02
    sigma-stat: {hi: 0.07e-02, lo: -0.07e-02}
    sigma-sys: {hi: 0., lo: 0.}
D_s^+->eta_primemu^+nu::BR@MR:2025A:
    type: Gaussian
    observable: D_s->eta_primelnu::BR
    kinematics: {q2_min: 0.0112, q2_max: 1.02}
    options: {q: s, l: mu}
    mean: 0.80e-02
    sigma-stat: {hi: 0.06e-02, lo: -0.06e-02}
    sigma-sys: {hi: 0., lo: 0.}
# }}}
