# vim: set fdm=marker :

###################################
# Lambda_b -> Lambda form factors #
###################################
# {{{
Lambda_b->Lambda::f_long^A@BFvD2014:
    type: MultivariateGaussian
    dim: 2
    observables:
        -   Lambda_b->Lambda::f_long^A(q2)
        -   Lambda_b->Lambda::f_long^A(q2)
    kinematics:
        -   {q2: 13.5}
        -   {q2: 20.5}
    options:
        -   {form-factors: BFvD2014}
        -   {form-factors: BFvD2014}
    means: [0.48, 0.85]
    sigma-stat-hi: [0.19, 0.18]
    sigma-stat-lo: [0.19, 0.18]
    sigma-sys: [0, 0]
    correlations:
        -   [1, 0]
        -   [0, 1]
    dof: 2
Lambda_b->Lambda::f_perp+long^V+A@BFvD2014:
    type: MultivariateGaussian
    dim: 4
    observables:
        -   Lambda_b->Lambda::f_perp^V(q2)
        -   Lambda_b->Lambda::f_perp^A(q2)
        -   Lambda_b->Lambda::f_long^V(q2)
        -   Lambda_b->Lambda::f_long^A(q2)
    kinematics:
        -   {q2: 0}
        -   {q2: 0}
        -   {q2: 0}
        -   {q2: 0}
    options:
        -   {form-factors: BFvD2014}
        -   {form-factors: BFvD2014}
        -   {form-factors: BFvD2014}
        -   {form-factors: BFvD2014}
    means: [0.391, 0.389, 0.38, 0.38]
    sigma-stat-hi: [0.226, 0.224, 0.221, 0.221]
    sigma-stat-lo: [0.226, 0.224, 0.221, 0.221]
    sigma-sys: [0, 0, 0, 0]
    correlations:
        -   [1, 0.556, 0.773, 0.771]
        -   [0.556, 1, 0.773, 0.772]
        -   [0.773, 0.773, 1, 0.534]
        -   [0.771, 0.772, 0.534, 1]
    dof: 4
Lambda_b->Lambda::f_perp^A@BFvD2014:
    type: MultivariateGaussian
    dim: 2
    observables:
        -   Lambda_b->Lambda::f_perp^A(q2)
        -   Lambda_b->Lambda::f_perp^A(q2)
    kinematics:
        -   {q2: 13.5}
        -   {q2: 20.5}
    options:
        -   {form-factors: BFvD2014}
        -   {form-factors: BFvD2014}
    means: [0.48, 0.84]
    sigma-stat-hi: [0.19, 0.19]
    sigma-stat-lo: [0.19, 0.19]
    sigma-sys: [0, 0]
    correlations:
        -   [1, 0]
        -   [0, 1]
    dof: 2
Lambda_b->Lambda::f_perp^V@BFvD2014:
    type: MultivariateGaussian
    dim: 2
    observables:
        -   Lambda_b->Lambda::f_perp^V(q2)
        -   Lambda_b->Lambda::f_perp^V(q2)
    kinematics:
        -   {q2: 13.5}
        -   {q2: 20.5}
    options:
        -   {form-factors: BFvD2014}
        -   {form-factors: BFvD2014}
    means: [0.73, 1.4]
    sigma-stat-hi: [0.2, 0.2]
    sigma-stat-lo: [0.2, 0.2]
    sigma-sys: [0, 0]
    correlations:
        -   [1, 0]
        -   [0, 1]
    dof: 2
Lambda_b->Lambda::f_perp+long^V+A+T+T5@DM2016:
    type: MultivariateGaussian(Covariance)
    dim: 22
    observables:
        -   Lambda_b->Lambda::a_0_long^V@DM2016
        -   Lambda_b->Lambda::a_1_long^V@DM2016
        -   Lambda_b->Lambda::a_2_long^V@DM2016
        -   Lambda_b->Lambda::a_0_perp^V@DM2016
        -   Lambda_b->Lambda::a_1_perp^V@DM2016
        -   Lambda_b->Lambda::a_2_perp^V@DM2016
        -   Lambda_b->Lambda::a_0_long^A@DM2016
        -   Lambda_b->Lambda::a_1_long^A@DM2016
        -   Lambda_b->Lambda::a_2_long^A@DM2016
        -   Lambda_b->Lambda::a_1_perp^A@DM2016
        -   Lambda_b->Lambda::a_2_perp^A@DM2016
        -   Lambda_b->Lambda::a_0_long^T@DM2016
        -   Lambda_b->Lambda::a_1_long^T@DM2016
        -   Lambda_b->Lambda::a_2_long^T@DM2016
        -   Lambda_b->Lambda::a_0_perp^T@DM2016
        -   Lambda_b->Lambda::a_1_perp^T@DM2016
        -   Lambda_b->Lambda::a_2_perp^T@DM2016
        -   Lambda_b->Lambda::a_0_long^T5@DM2016
        -   Lambda_b->Lambda::a_1_long^T5@DM2016
        -   Lambda_b->Lambda::a_2_long^T5@DM2016
        -   Lambda_b->Lambda::a_1_perp^T5@DM2016
        -   Lambda_b->Lambda::a_2_perp^T5@DM2016
    kinematics:
        -   {}
        -   {}
        -   {}
        -   {}
        -   {}
        -   {}
        -   {}
        -   {}
        -   {}
        -   {}
        -   {}
        -   {}
        -   {}
        -   {}
        -   {}
        -   {}
        -   {}
        -   {}
        -   {}
        -   {}
        -   {}
        -   {}
    options:
        -   {}
        -   {}
        -   {}
        -   {}
        -   {}
        -   {}
        -   {}
        -   {}
        -   {}
        -   {}
        -   {}
        -   {}
        -   {}
        -   {}
        -   {}
        -   {}
        -   {}
        -   {}
        -   {}
        -   {}
        -   {}
        -   {}
    means: [0.4220840771427, -1.1385668716529, 0, 0.51820088929706, -1.3495114114751, 0, 0.35627001295791, -1.0612467428431, 0, -1.1357000804652, 0, 0.49599719500981, -1.1275136739815, 0, 0.38763266069053, -0.96229696628603, 0, 0.34026877180649, -0.7696942981475, 0, -0.8008204540902299, 0]
    covariance:
        -   [0.000749594187095, -0.006164273736522, 0.011372890644823, 0.000670223129197, -0.004243056424882, 0.001311870031246, 0.000264886750161, -0.002053357392716, -0.000398016204121, -0.002115221757594, 0.001820772880284, 0.000499996242162, -0.003191406233943, -0.001640271158008, 0.000383714387856, -0.002901531299397, 0.000472774777764, 0.000241060019024, -0.001700916517912, -0.000697409076608, -0.001581214048131, -0.000775332925801]
        -   [-0.006164273736522, 0.09411617504148299, -0.371146407307241, -0.004710830597348, 0.042219205628345, -0.019976547027344, -0.0019281304725, 0.018735543980848, 0.014036368652166, 0.019201191872417, -0.020106226373253, -0.003835093433078, 0.031430053093567, 0.007276614667715, -0.002993782257011, 0.027808187373224, -0.015267877320676, -0.001716349735084, 0.014137211484609, 0.017181121597857, 0.013650147261026, 0.01326332411015]
        -   [0.011372890644823, -0.371146407307241, 3.22993771179459, 0.004972780726833, -0.07250678244434899, 0.261221262531002, -0.000215467856408, 0.00838207516522, 0.1945442807215, 0.009519525198420999, 0.181693364650388, 0.003361077035058, -0.049693892474132, 0.105918716815944, 0.002547113451561, -0.042437381280063, 0.177689190424785, -0.000254410809612, 0.00281801275487, 0.197330994815814, 0.001615329143183, 0.159483826612556]
        -   [0.000670223129197, -0.004710830597348, 0.004972780726833, 0.001244975293461, -0.010103508140104, 0.009465313700532, 0.00031710571775, -0.002370606620954, -0.002073093853597, -0.002455839770168, 0.002035470147828, 0.000674156597717, -0.004529175663623, -0.002211827382624, 0.000502830828959, -0.00395072788092, 0.000807832408955, 0.000286488048264, -0.001981930307026, -0.001683025856184, -0.001827629003901, -0.001755499943138]
        -   [-0.004243056424882, 0.042219205628345, -0.07250678244434899, -0.010103508140104, 0.16237356863464, -0.393141309425425, -0.002102727635876, 0.020507351111945, 0.034673239099397, 0.021108524650448, -0.020472349960809, -0.004840912074375, 0.044918377921202, 0.00493978888909, -0.003614639566594, 0.036227885425357, -0.022107436919726, -0.001846776263455, 0.015230274625778, 0.033150706453419, 0.014969174695481, 0.024981996683362]
        -   [0.001311870031246, -0.019976547027344, 0.261221262531002, 0.009465313700532, -0.393141309425425, 2.6882275522931, -0.000209850641227, 0.000573909527041, 0.314953624848913, 0.003987601147349, 0.095782792052462, 0.000919027439209, -0.017126393605156, 0.193442612467125, 0.000759784430623, -0.018270569805431, 0.170856919496887, -0.000120107739701, 0.000253200262659, 0.07238090091922, 0.000126527927104, 0.086301413616358]
        -   [0.000264886750161, -0.0019281304725, -0.000215467856408, 0.00031710571775, -0.002102727635876, -0.000209850641227, 0.000421991521668, -0.003979786111674, 0.014411659822313, -0.003877135897698, 0.008461260962695999, 0.000291906584519, -0.001881247064266, -0.0014014576582, 0.000227998420793, -0.001642649592213, -0.000390194788151, 0.000206965783915, -0.001540812967208, -0.001282055263547, -0.001478113690651, -0.00100909599116]
        -   [-0.002053357392716, 0.018735543980848, 0.00838207516522, -0.002370606620954, 0.020507351111945, 0.000573909527041, -0.003979786111674, 0.08362176103837, -0.56600519794316, 0.055036258016742, -0.138287010845185, -0.002143620553598, 0.017487112571067, 0.008695701716403, -0.001736129561578, 0.015050849220897, 0.001930445648249, -0.001746797606144, 0.020411788809007, 0.006368955993306, 0.019360782343715, -0.001941016331335]
        -   [-0.000398016204121, 0.014036368652166, 0.1945442807215, -0.002073093853597, 0.034673239099397, 0.314953624848913, 0.014411659822313, -0.56600519794316, 7.34730246672972, -0.240144672696889, 1.34324198503075, -0.002103935457479, 0.030878873940266, 0.204760275234375, -0.000955655887978, 0.009344977098388999, 0.171318684690066, 0.001800545651617, -0.06269318756165899, 0.565109329672463, -0.054982167413635, 0.573291529393943]
        -   [-0.002115221757594, 0.019201191872417, 0.009519525198420999, -0.002455839770168, 0.021108524650448, 0.003987601147349, -0.003877135897698, 0.055036258016742, -0.240144672696889, 0.087151626684731, -0.43623988664169, -0.002237558080252, 0.018243425717256, 0.011287492152364, -0.00179377376775, 0.015468573621476, 0.003619796423987, -0.001712096300904, 0.020580755619435, 0.00243286851162, 0.019511123699285, -0.003792141576066]
        -   [0.001820772880284, -0.020106226373253, 0.181693364650388, 0.002035470147828, -0.020472349960809, 0.095782792052462, 0.008461260962695999, -0.138287010845185, 1.34324198503075, -0.43623988664169, 6.06210830469137, 0.001354763557436, -0.01667194422627, 0.07958077743412401, 0.001213509391727, -0.016206827037401, 0.077336984425539, 0.000934270925133, -0.036656076080858, 0.554264828901894, -0.032688115526928, 0.489039800962392]
        -   [0.000499996242162, -0.003835093433078, 0.003361077035058, 0.000674156597717, -0.004840912074375, 0.000919027439209, 0.000291906584519, -0.002143620553598, -0.002103935457479, -0.002237558080252, 0.001354763557436, 0.001787395798472, -0.010435717161899, 0.003619965157987, 0.001054263300679, -0.005109429595942, 0.002104183253969, 0.000674377659471, -0.002897656132027, 0.003227125938417, -0.002707762322253, 0.001867376623833]
        -   [-0.003191406233943, 0.031430053093567, -0.049693892474132, -0.004529175663623, 0.044918377921202, -0.017126393605156, -0.001881247064266, 0.017487112571067, 0.030878873940266, 0.018243425717256, -0.01667194422627, -0.010435717161899, 0.15975337705658, -0.3512302745458, -0.004258118714408, 0.035002257332446, -0.021197955591748, -0.002478298810949, 0.01546678047878, 0.024862517939355, 0.015504170032356, 0.01906297476362]
        -   [-0.001640271158008, 0.007276614667715, 0.105918716815944, -0.002211827382624, 0.00493978888909, 0.193442612467125, -0.0014014576582, 0.008695701716403, 0.204760275234375, 0.011287492152364, 0.07958077743412401, 0.003619965157987, -0.3512302745458, 2.8088303844212, -0.002137591323261, 0.002336940401947, 0.170948236544902, -0.001684398181157, 0.010911341318195, 0.06383182062927301, 0.009468286998763, 0.07495950955294001]
        -   [0.000383714387856, -0.002993782257011, 0.002547113451561, 0.000502830828959, -0.003614639566594, 0.000759784430623, 0.000227998420793, -0.001736129561578, -0.000955655887978, -0.00179377376775, 0.001213509391727, 0.001054263300679, -0.004258118714408, -0.002137591323261, 0.0009766029978170001, -0.005798480068419, 0.005542408630269, 0.000531506161576, -0.002337876066771, 0.002913031047101, -0.002181920159564, 0.001975057127825]
        -   [-0.002901531299397, 0.027808187373224, -0.042437381280063, -0.00395072788092, 0.036227885425357, -0.018270569805431, -0.001642649592213, 0.015050849220897, 0.009344977098388999, 0.015468573621476, -0.016206827037401, -0.005109429595942, 0.035002257332446, 0.002336940401947, -0.005798480068419, 0.076534052830695, -0.189181102504368, -0.002250134070338, 0.014176317637204, 0.011809686997914, 0.013599017609615, 0.006770890198818]
        -   [0.000472774777764, -0.015267877320676, 0.177689190424785, 0.000807832408955, -0.022107436919726, 0.170856919496887, -0.000390194788151, 0.001930445648249, 0.171318684690066, 0.003619796423987, 0.077336984425539, 0.002104183253969, -0.021197955591748, 0.170948236544902, 0.005542408630269, -0.189181102504368, 1.34695571318776, 0.000435170076675, 0.00050048269771, 0.06867213200889601, 1.5364979713e-05, 0.070620062283742]
        -   [0.000241060019024, -0.001716349735084, -0.000254410809612, 0.000286488048264, -0.001846776263455, -0.000120107739701, 0.000206965783915, -0.001746797606144, 0.001800545651617, -0.001712096300904, 0.000934270925133, 0.000674377659471, -0.002478298810949, -0.001684398181157, 0.000531506161576, -0.002250134070338, 0.000435170076675, 0.000613916259219, -0.003480209951551, 0.008227405441161, -0.003287132276617, 0.007217165089323]
        -   [-0.001700916517912, 0.014137211484609, 0.00281801275487, -0.001981930307026, 0.015230274625778, 0.000253200262659, -0.001540812967208, 0.020411788809007, -0.06269318756165899, 0.020580755619435, -0.036656076080858, -0.002897656132027, 0.01546678047878, 0.010911341318195, -0.002337876066771, 0.014176317637204, 0.00050048269771, -0.003480209951551, 0.062308556818102, -0.343929817844085, 0.04036330201319, -0.125254141399107]
        -   [-0.000697409076608, 0.017181121597857, 0.197330994815814, -0.001683025856184, 0.033150706453419, 0.07238090091922, -0.001282055263547, 0.006368955993306, 0.565109329672463, 0.00243286851162, 0.554264828901894, 0.003227125938417, 0.024862517939355, 0.06383182062927301, 0.002913031047101, 0.011809686997914, 0.06867213200889601, 0.008227405441161, -0.343929817844085, 8.868370508531161, -0.110102609787211, 3.19403648331734]
        -   [-0.001581214048131, 0.013650147261026, 0.001615329143183, -0.001827629003901, 0.014969174695481, 0.000126527927104, -0.001478113690651, 0.019360782343715, -0.054982167413635, 0.019511123699285, -0.032688115526928, -0.002707762322253, 0.015504170032356, 0.009468286998763, -0.002181920159564, 0.013599017609615, 1.5364979713e-05, -0.003287132276617, 0.04036330201319, -0.110102609787211, 0.051437631908735, -0.291661725840191]
        -   [-0.000775332925801, 0.01326332411015, 0.159483826612556, -0.001755499943138, 0.024981996683362, 0.086301413616358, -0.00100909599116, -0.001941016331335, 0.573291529393943, -0.003792141576066, 0.489039800962392, 0.001867376623833, 0.01906297476362, 0.07495950955294001, 0.001975057127825, 0.006770890198818, 0.070620062283742, 0.007217165089323, -0.125254141399107, 3.19403648331734, -0.291661725840191, 6.14163645986141]
    dof: 22
# }}}

#####################################
# Lambda_b -> Lambda_c form factors #
#####################################
# {{{
Lambda_b->Lambda::f_long^V@BFvD2014:
    type: MultivariateGaussian
    dim: 2
    observables:
        -   Lambda_b->Lambda::f_long^V(q2)
        -   Lambda_b->Lambda::f_long^V(q2)
    kinematics:
        -   {q2: 13.5}
        -   {q2: 20.5}
    options:
        -   {form-factors: BFvD2014}
        -   {form-factors: BFvD2014}
    means: [0.72, 1.39]
    sigma-stat-hi: [0.21, 0.21]
    sigma-stat-lo: [0.21, 0.21]
    sigma-sys: [0, 0]
    correlations:
        -   [1, 0]
        -   [0, 1]
    dof: 0
Lambda_b->Lambda_c::f_perp+long+time^V+A+T+T5@DKMR2017:
    type: MultivariateGaussian(Covariance)
    dim: 18
    observables:
        -   Lambda_b->Lambda_c::a_0_long^V@DKMR2017
        -   Lambda_b->Lambda_c::a_1_long^V@DKMR2017
        -   Lambda_b->Lambda_c::a_0_time^V@DKMR2017
        -   Lambda_b->Lambda_c::a_1_time^V@DKMR2017
        -   Lambda_b->Lambda_c::a_0_perp^V@DKMR2017
        -   Lambda_b->Lambda_c::a_1_perp^V@DKMR2017
        -   Lambda_b->Lambda_c::a_0_long^A@DKMR2017
        -   Lambda_b->Lambda_c::a_1_long^A@DKMR2017
        -   Lambda_b->Lambda_c::a_0_time^A@DKMR2017
        -   Lambda_b->Lambda_c::a_1_time^A@DKMR2017
        -   Lambda_b->Lambda_c::a_1_perp^A@DKMR2017
        -   Lambda_b->Lambda_c::a_0_long^T@DKMR2017
        -   Lambda_b->Lambda_c::a_1_long^T@DKMR2017
        -   Lambda_b->Lambda_c::a_0_perp^T@DKMR2017
        -   Lambda_b->Lambda_c::a_1_perp^T@DKMR2017
        -   Lambda_b->Lambda_c::a_0_long^T5@DKMR2017
        -   Lambda_b->Lambda_c::a_1_long^T5@DKMR2017
        -   Lambda_b->Lambda_c::a_1_perp^T5@DKMR2017
    kinematics:
        -   {}
        -   {}
        -   {}
        -   {}
        -   {}
        -   {}
        -   {}
        -   {}
        -   {}
        -   {}
        -   {}
        -   {}
        -   {}
        -   {}
        -   {}
        -   {}
        -   {}
        -   {}
    options:
        -   {}
        -   {}
        -   {}
        -   {}
        -   {}
        -   {}
        -   {}
        -   {}
        -   {}
        -   {}
        -   {}
        -   {}
        -   {}
        -   {}
        -   {}
        -   {}
        -   {}
        -   {}
    means:  [0.81458549275845, -4.8987680713973, 0.74392566003686, -4.6476511382467, 1.077996185173, -6.4170836206134, 0.6846557018386, -4.4311552783827, 0.73960499809758, -4.3664554520299, -4.4633624514401, 0.97518189850197, -5.4999842229709, 0.70539533108116, -4.3577976693726, 0.67275080357035, -4.4321757873186, -4.4927847697461]
    covariance:
        -   [0.000278728272763, -0.00601824998224, 0.000142947365993, -0.004929003882554, 0.000265464964746, -0.005529496222307, 0.000068961210823, -0.001879752024041, 0.000134100837826, -0.002388621379367, -0.002269637347098, 0.000227010820252, -0.004380507594448, 0.000137899528782, -0.00287856357262, 0.000055875331164, -0.00194254377266, -0.001617830463989]
        -   [-0.00601824998224, 0.29435598146195, -0.004433507799519, 0.3117423790301, -0.005345753770178, 0.23506112413196, -0.001778032301817, 0.095259985081662, -0.002303894384908, 0.088401511897712, 0.093392413762822, -0.005342624608558, 0.240042486678605, -0.003182462942814, 0.135307548100715, -0.001414915736213, 0.075064942428478, 0.072273270739737]
        -   [0.000142947365993, -0.004433507799519, 0.000157309017926, -0.005372000612478, 0.000134953816209, -0.003849989636848, 0.000066246604926, -0.002160274030846, 0.000077227898361, -0.001964670449924, -0.002155112862859, 0.000120420980102, -0.003493765190076, 0.000082536798679, -0.002201956483404, 0.000055771628133, -0.001770270082568, -0.001764078338257]
        -   [-0.004929003882554, 0.3117423790301, -0.005372000612478, 0.37010762156412, -0.004259421748719, 0.24445928262069, -0.002023631524483, 0.11433058845654, -0.001876033428649, 0.096363838003857, 0.107203431905175, -0.004581725268051, 0.261279163282095, -0.002865016571775, 0.14582559869482, -0.001641711787339, 0.085222601434368, 0.086388395224854]
        -   [0.000265464964746, -0.005345753770178, 0.000134953816209, -0.004259421748719, 0.000653872098389, -0.01439080600851, 0.00008603128692, -0.002163552006242, 0.000188108722753, -0.00308446250191, -0.002702992800797, 0.000360772331211, -0.006404827648843, 0.000198637376033, -0.003961085818292, 0.000071094877815, -0.002320773539179, -0.001867538415784]
        -   [-0.005529496222307, 0.23506112413196, -0.003849989636848, 0.24445928262069, -0.01439080600851, 0.71909067975466, -0.002105693247146, 0.10627916592975, -0.002952827461635, 0.10230415690374, 0.104161426643575, -0.008679232449939, 0.378587908856175, -0.004719027078978, 0.19392125063463, -0.001716478042339, 0.085875569835574, 0.080687338830377]
        -   [0.000068961210823, -0.001778032301817, 0.000066246604926, -0.002023631524483, 0.00008603128692, -0.002105693247146, 0.000073183268932, -0.002231787195388, 0.000077603526761, -0.001911806141057, -0.002256782028349, 0.000074050437812, -0.001782951276206, 0.000053591866821, -0.001246360471363, 0.00004740616037, -0.001415555820396, -0.001410448441238]
        -   [-0.001879752024041, 0.095259985081662, -0.002160274030846, 0.11433058845654, -0.002163552006242, 0.10627916592975, -0.002231787195388, 0.12759242109954, -0.001949330170718, 0.103294349628785, 0.11836641890763, -0.00211519673911, 0.104095260823115, -0.001430338268516, 0.06179473695051, -0.001365488061747, 0.062767621037795, 0.064835356618871]
        -   [0.000134100837826, -0.002303894384908, 0.000077227898361, -0.001876033428649, 0.000188108722753, -0.002952827461635, 0.000077603526761, -0.001949330170718, 0.000203134926806, -0.003232692724177, -0.002495293081611, 0.000149258029239, -0.001850203422132, 0.000098036826546, -0.00163845562221, 0.000052027259748, -0.001671860001639, -0.001408992872541]
        -   [-0.002388621379367, 0.088401511897712, -0.001964670449924, 0.096363838003857, -0.00308446250191, 0.10230415690374, -0.001911806141057, 0.103294349628785, -0.003232692724177, 0.1098580959773, 0.1012627847979, -0.002728040668316, 0.090939498322221, -0.001757198519562, 0.057981078865572, -0.001201821537022, 0.055995717191834, 0.054673822488325]
        -   [-0.002269637347098, 0.093392413762822, -0.002155112862859, 0.107203431905175, -0.002702992800797, 0.104161426643575, -0.002256782028349, 0.11836641890763, -0.002495293081611, 0.1012627847979, 0.13054924950228, -0.002450606280477, 0.095116712310965, -0.001682495718548, 0.061336310686525, -0.001360831287698, 0.064155219757893, 0.064276939917503]
        -   [0.000227010820252, -0.005342624608558, 0.000120420980102, -0.004581725268051, 0.000360772331211, -0.008679232449939, 0.000074050437812, -0.00211519673911, 0.000149258029239, -0.002728040668316, -0.002450606280477, 0.000920803625086, -0.026069312065536, 0.000282586531549, -0.00730756838052, 0.000083723688781, -0.002961371813144, -0.002467981848589]
        -   [-0.004380507594448, 0.240042486678605, -0.003493765190076, 0.261279163282095, -0.006404827648843, 0.378587908856175, -0.001782951276206, 0.104095260823115, -0.001850203422132, 0.090939498322221, 0.095116712310965, -0.026069312065536, 1.527873510126, -0.006840704983206, 0.407969260256445, -0.001880606912732, 0.1177498097903, 0.12096158305164]
        -   [0.000137899528782, -0.003182462942814, 0.000082536798679, -0.002865016571775, 0.000198637376033, -0.004719027078978, 0.000053591866821, -0.001430338268516, 0.000098036826546, -0.001757198519562, -0.001682495718548, 0.000282586531549, -0.006840704983206, 0.000188525295569, -0.004808967727618, 0.000061743796899, -0.002131390822301, -0.00183348564583]
        -   [-0.00287856357262, 0.135307548100715, -0.002201956483404, 0.14582559869482, -0.003961085818292, 0.19392125063463, -0.001246360471363, 0.06179473695051, -0.00163845562221, 0.057981078865572, 0.061336310686525, -0.00730756838052, 0.407969260256445, -0.004808967727618, 0.2615546253578, -0.001379988566993, 0.080097210265647, 0.079360881177884]
        -   [0.000055875331164, -0.001414915736213, 0.000055771628133, -0.001641711787339, 0.000071094877815, -0.001716478042339, 0.00004740616037, -0.001365488061747, 0.000052027259748, -0.001201821537022, -0.001360831287698, 0.000083723688781, -0.001880606912732, 0.000061743796899, -0.001379988566993, 0.000077761603573, -0.002435558250079, -0.002407943832876]
        -   [-0.00194254377266, 0.075064942428478, -0.001770270082568, 0.085222601434368, -0.002320773539179, 0.085875569835574, -0.001415555820396, 0.062767621037795, -0.001671860001639, 0.055995717191834, 0.064155219757893, -0.002961371813144, 0.1177498097903, -0.002131390822301, 0.080097210265647, -0.002435558250079, 0.1506859604613, 0.12078742609273]
        -   [-0.001617830463989, 0.072273270739737, -0.001764078338257, 0.086388395224854, -0.001867538415784, 0.080687338830377, -0.001410448441238, 0.064835356618871, -0.001408992872541, 0.054673822488325, 0.064276939917503, -0.002467981848589, 0.12096158305164, -0.00183348564583, 0.079360881177884, -0.002407943832876, 0.12078742609273, 0.12848261340553]
    dof: 0
# }}}
