###################
# tau -> pi pi nu #
###################
#
# [Belle:2008C]
# {{{
0->pipi::Abs{f_+}^2@Belle:2008C:
    type: MultivariateGaussian(Covariance)
    observables:
        [ "0->pipi::Abs{f_+}^2(q2)", "0->pipi::Abs{f_+}^2(q2)", "0->pipi::Abs{f_+}^2(q2)", "0->pipi::Abs{f_+}^2(q2)", "0->pipi::Abs{f_+}^2(q2)", "0->pipi::Abs{f_+}^2(q2)",
          "0->pipi::Abs{f_+}^2(q2)", "0->pipi::Abs{f_+}^2(q2)", "0->pipi::Abs{f_+}^2(q2)", "0->pipi::Abs{f_+}^2(q2)", "0->pipi::Abs{f_+}^2(q2)", "0->pipi::Abs{f_+}^2(q2)",
          "0->pipi::Abs{f_+}^2(q2)", "0->pipi::Abs{f_+}^2(q2)", "0->pipi::Abs{f_+}^2(q2)", "0->pipi::Abs{f_+}^2(q2)", "0->pipi::Abs{f_+}^2(q2)", "0->pipi::Abs{f_+}^2(q2)",
          "0->pipi::Abs{f_+}^2(q2)", "0->pipi::Abs{f_+}^2(q2)", "0->pipi::Abs{f_+}^2(q2)", "0->pipi::Abs{f_+}^2(q2)", "0->pipi::Abs{f_+}^2(q2)", "0->pipi::Abs{f_+}^2(q2)",
          "0->pipi::Abs{f_+}^2(q2)", "0->pipi::Abs{f_+}^2(q2)", "0->pipi::Abs{f_+}^2(q2)", "0->pipi::Abs{f_+}^2(q2)", "0->pipi::Abs{f_+}^2(q2)", "0->pipi::Abs{f_+}^2(q2)",
          "0->pipi::Abs{f_+}^2(q2)", "0->pipi::Abs{f_+}^2(q2)", "0->pipi::Abs{f_+}^2(q2)", "0->pipi::Abs{f_+}^2(q2)", "0->pipi::Abs{f_+}^2(q2)", "0->pipi::Abs{f_+}^2(q2)",
          "0->pipi::Abs{f_+}^2(q2)", "0->pipi::Abs{f_+}^2(q2)", "0->pipi::Abs{f_+}^2(q2)", "0->pipi::Abs{f_+}^2(q2)", "0->pipi::Abs{f_+}^2(q2)", "0->pipi::Abs{f_+}^2(q2)",
          "0->pipi::Abs{f_+}^2(q2)", "0->pipi::Abs{f_+}^2(q2)", "0->pipi::Abs{f_+}^2(q2)", "0->pipi::Abs{f_+}^2(q2)", "0->pipi::Abs{f_+}^2(q2)", "0->pipi::Abs{f_+}^2(q2)",
          "0->pipi::Abs{f_+}^2(q2)", "0->pipi::Abs{f_+}^2(q2)", "0->pipi::Abs{f_+}^2(q2)", "0->pipi::Abs{f_+}^2(q2)", "0->pipi::Abs{f_+}^2(q2)", "0->pipi::Abs{f_+}^2(q2)",
          "0->pipi::Abs{f_+}^2(q2)", "0->pipi::Abs{f_+}^2(q2)", "0->pipi::Abs{f_+}^2(q2)", "0->pipi::Abs{f_+}^2(q2)", "0->pipi::Abs{f_+}^2(q2)", "0->pipi::Abs{f_+}^2(q2)",
          "0->pipi::Abs{f_+}^2(q2)", "0->pipi::Abs{f_+}^2(q2)" ]
    options:
        [ {}, {}, {}, {}, {}, {},
          {}, {}, {}, {}, {}, {},
          {}, {}, {}, {}, {}, {},
          {}, {}, {}, {}, {}, {},
          {}, {}, {}, {}, {}, {},
          {}, {}, {}, {}, {}, {},
          {}, {}, {}, {}, {}, {},
          {}, {}, {}, {}, {}, {},
          {}, {}, {}, {}, {}, {},
          {}, {}, {}, {}, {}, {},
          {}, {} ]
    kinematics:
        [{q2: 0.08769}, {q2: 0.125}, {q2: 0.175}, {q2: 0.225}, {q2: 0.275}, {q2: 0.325}, {q2: 0.375}, {q2: 0.425}, {q2: 0.475},
         {q2: 0.525}  , {q2: 0.575}, {q2: 0.625}, {q2: 0.675}, {q2: 0.725}, {q2: 0.775}, {q2: 0.825}, {q2: 0.875}, {q2: 0.925},
         {q2: 0.975}  , {q2: 1.025}, {q2: 1.075}, {q2: 1.125}, {q2: 1.175}, {q2: 1.225}, {q2: 1.275}, {q2: 1.325}, {q2: 1.375},
         {q2: 1.425}  , {q2: 1.475}, {q2: 1.525}, {q2: 1.575}, {q2: 1.625}, {q2: 1.675}, {q2: 1.725}, {q2: 1.775}, {q2: 1.825},
         {q2: 1.875}  , {q2: 1.925}, {q2: 1.975}, {q2: 2.025}, {q2: 2.075}, {q2: 2.125}, {q2: 2.175}, {q2: 2.225}, {q2: 2.275},
         {q2: 2.325}  , {q2: 2.375}, {q2: 2.425}, {q2: 2.475}, {q2: 2.525}, {q2: 2.575}, {q2: 2.625}, {q2: 2.675}, {q2: 2.725},
         {q2: 2.775}  , {q2: 2.825}, {q2: 2.875}, {q2: 2.925}, {q2: 2.975}, {q2: 3.025}, {q2: 3.075}, {q2: 3.125}]
    means:
        [ 1.434e+00, 1.707e+00, 2.362e+00, 3.211e+00, 4.260e+00, 5.622e+00,
          8.492e+00, 1.339e+01, 2.189e+01, 3.338e+01, 4.100e+01, 3.450e+01,
          2.394e+01, 1.532e+01, 1.052e+01, 7.637e+00, 5.693e+00, 4.350e+00,
          3.435e+00, 2.851e+00, 2.439e+00, 2.087e+00, 1.847e+00, 1.667e+00,
          1.486e+00, 1.339e+00, 1.229e+00, 1.132e+00, 1.025e+00, 9.133e-01,
          8.181e-01, 7.112e-01, 6.362e-01, 5.763e-01, 5.108e-01, 4.389e-01,
          3.817e-01, 3.181e-01, 2.548e-01, 2.108e-01, 1.622e-01, 1.166e-01,
          8.517e-02, 6.074e-02, 4.056e-02, 2.746e-02, 1.922e-02, 1.654e-02,
          1.689e-02, 1.924e-02, 2.420e-02, 3.687e-02, 4.957e-02, 6.651e-02,
          8.317e-02, 1.025e-01, 1.317e-01, 1.650e-01, 1.782e-01, 1.654e-01,
          2.035e-01, 2.827e-01 ]
    covariance:
      - [ 4.436465e-01, 3.763410e-03, 1.690400e-03,-1.153270e-04,-2.654900e-04, 1.273910e-05, 2.259740e-05,-1.231180e-05, 2.042550e-06, 6.809890e-06,-4.137050e-06, 2.833250e-06,-2.363530e-06, 4.609030e-07, 1.451250e-06,-4.480310e-07,-3.308760e-07, 5.473430e-07, 8.451040e-07,-3.416470e-07,-4.206890e-08, 2.047270e-07, 9.749470e-08,-5.449910e-08, 5.877910e-09, 4.861040e-08,-1.901750e-07,-2.025750e-07,-7.566140e-08, 3.695900e-08,-1.113110e-08, 3.602070e-08,-5.361270e-08,-8.687730e-08,-9.198110e-08, 1.359980e-08, 9.336410e-08, 1.349890e-07, 1.947130e-07, 1.395620e-07, 3.737130e-08,-3.384130e-08,-6.786640e-08,-8.163550e-08,-5.980420e-08,-4.824130e-08,-3.524410e-08,-2.882340e-08,-1.463990e-08, 7.676850e-11, 1.917450e-08, 5.169400e-08, 8.159060e-08, 1.215540e-07, 1.468930e-07, 1.858030e-07, 2.321560e-07, 2.943020e-07, 3.304770e-07, 3.154830e-07, 3.909050e-07, 5.891240e-07]
      - [ 3.763410e-03, 1.363189e-01, 1.730310e-03, 8.784650e-05,-2.273730e-04,-9.781390e-06, 2.246380e-05,-9.521630e-06, 1.129220e-06, 6.240820e-06,-4.375100e-06, 2.555610e-06,-2.369910e-06, 5.722450e-07, 1.053040e-06,-3.085540e-07,-4.438380e-07, 5.147740e-07, 6.530550e-07,-2.293880e-07,-4.681080e-08, 1.443160e-07, 3.160930e-08,-4.473430e-08, 2.684470e-08, 3.057660e-08,-1.715710e-07,-1.812340e-07,-7.926770e-08, 1.991130e-08,-6.707760e-09, 2.397500e-08,-4.564280e-08,-8.096370e-08,-8.419970e-08, 1.460810e-08, 8.952540e-08, 1.183640e-07, 1.549920e-07, 1.090200e-07, 3.062040e-08,-2.620340e-08,-5.622140e-08,-6.911270e-08,-5.274160e-08,-4.329880e-08,-3.019250e-08,-2.238580e-08,-9.532490e-09, 3.914220e-09, 2.083880e-08, 5.009340e-08, 7.858030e-08, 1.167190e-07, 1.466730e-07, 1.907160e-07, 2.449230e-07, 3.123130e-07, 3.508660e-07, 3.349700e-07, 4.151010e-07, 6.213070e-07]
      - [ 1.69040000e-03, 1.73031000e-03, 1.16200323e-01, 6.58180000e-04,-9.47845000e-05,-7.34498000e-05, 2.00177000e-05,-1.02798000e-06,-1.13914000e-06, 3.82768000e-06,-4.30958000e-06, 1.25801000e-06,-1.81748000e-06, 4.52199000e-07, 2.07495000e-07,-1.01602000e-07,-6.23811000e-07, 3.73771000e-07, 8.49679000e-08, 1.45320000e-08, 7.95136000e-08,-1.09545000e-07,-1.67309000e-07, 3.07416000e-08, 6.30704000e-08,-3.17204000e-08,-1.03016000e-07,-9.83054000e-08,-8.12721000e-08,-4.19292000e-08, 1.30311000e-08, 9.09212000e-10,-3.54814000e-08,-6.24787000e-08,-4.09269000e-08, 7.48708000e-09, 5.76846000e-08, 7.57589000e-08, 4.58276000e-08, 1.85320000e-08, 2.97700000e-10,-1.00428000e-08,-1.80785000e-08,-2.32394000e-08,-2.66552000e-08,-2.39401000e-08,-1.76550000e-08,-9.42600000e-09, 2.81822000e-10, 1.16502000e-08, 2.47293000e-08, 4.72651000e-08, 7.34274000e-08, 1.06972000e-07, 1.43548000e-07, 1.83011000e-07, 2.41961000e-07, 3.07413000e-07, 3.32542000e-07, 3.08455000e-07, 3.80766000e-07, 5.63033000e-07]
      - [-1.153270e-04, 8.784650e-05, 6.581800e-04, 6.338029e-02, 4.512940e-04,-1.547330e-04,-2.310360e-05, 2.240260e-05,-3.716210e-06,-9.942290e-07,-1.115850e-06,-8.693400e-07, 1.222870e-08, 3.377620e-09,-4.588480e-07,-4.900050e-08,-8.428550e-08,-3.437890e-07,-2.700640e-08, 1.436350e-07, 7.357550e-09,-1.314730e-07,-1.833370e-07,-7.823560e-08, 4.921980e-08, 2.756420e-08, 1.706620e-08,-6.577630e-09,-2.738010e-10,-2.911980e-08,-2.219320e-08, 3.603790e-09, 5.630840e-08, 4.188650e-08, 1.059040e-08,-1.833500e-08,-2.606980e-08,-3.251740e-08,-4.612240e-08,-4.779790e-08,-3.597920e-08,-2.114130e-08,-9.289670e-09, 6.930800e-10, 6.464080e-09, 1.301240e-08, 1.908390e-08, 2.813180e-08, 3.652940e-08, 4.340530e-08, 5.075650e-08, 6.791860e-08, 7.959510e-08, 9.217650e-08, 1.015290e-07, 1.097590e-07, 1.284480e-07, 1.475910e-07, 1.471670e-07, 1.291310e-07, 1.534040e-07, 2.226840e-07]
      - [-2.65490000e-04,-2.27373000e-04,-9.47845000e-05, 4.51294000e-04, 1.78278269e-02, 2.38223000e-04,-2.17753000e-04, 2.92043000e-05, 9.32404000e-06,-8.83919000e-06, 2.74158000e-06,-3.26123000e-06, 1.42633000e-06,-1.60667000e-06, 2.37013000e-07,-3.08796000e-07,-1.32716000e-07, 2.21509000e-08,-2.04424000e-07,-1.49095000e-07,-1.80976000e-08, 2.64597000e-08, 7.59588000e-08,-7.39283000e-08,-1.28052000e-07, 2.48444000e-08, 1.49291000e-07, 1.51346000e-07, 4.65589000e-08, 7.29629000e-09, 4.10809000e-08, 1.34299000e-07, 1.62125000e-07, 1.32824000e-07, 4.02866000e-08,-4.70955000e-08,-8.94968000e-08,-8.58109000e-08,-6.33225000e-08,-4.24222000e-08,-3.22291000e-08,-3.04413000e-08,-3.26231000e-08,-3.21355000e-08,-2.67296000e-08,-1.95306000e-08,-1.25236000e-08,-7.39511000e-09,-1.12618000e-09, 6.51690000e-09, 1.60825000e-08, 3.47122000e-08, 5.66909000e-08, 8.78480000e-08, 1.20521000e-07, 1.59491000e-07, 2.14181000e-07, 2.78192000e-07, 3.10561000e-07, 2.94882000e-07, 3.67677000e-07, 5.47788000e-07]
      - [ 1.2739100e-05,-9.7813900e-06,-7.3449800e-05,-1.5473300e-04, 2.3822300e-04, 5.5305589e-03,-3.3437300e-05,-2.7436800e-04, 6.0297000e-05,-1.3086800e-05,-4.5969700e-06,-2.6463500e-07,-2.7682200e-06,-6.4169800e-07,-1.4472600e-07,-1.0381900e-06,-4.4338000e-07, 6.9532400e-08,-9.0704300e-08,-1.7813100e-07,-1.8399400e-07, 1.5037300e-08, 1.3405500e-07, 1.8350200e-07, 6.2748000e-08,-1.3309700e-07,-2.2701700e-07,-1.7240200e-07,-1.3295200e-08, 7.4823600e-08, 5.7915200e-08,-3.3823400e-08,-9.0122700e-08,-8.9451100e-08,-3.9313300e-08, 1.5721800e-08, 4.3607700e-08, 4.0482100e-08, 2.0608000e-08,-1.5735300e-08,-4.9005600e-08,-6.8764500e-08,-7.9956700e-08,-8.6279800e-08,-8.2552500e-08,-7.6003300e-08,-6.4461500e-08,-5.5610700e-08,-4.5243700e-08,-3.4316400e-08,-2.5035800e-08,-2.0859300e-08,-1.3605600e-08,-8.3600800e-09,-3.8202100e-09,-3.1343200e-10, 2.4105000e-09, 4.5771100e-09, 3.2746700e-09,-6.5974400e-11,-2.9618000e-09,-5.8831500e-09]
      - [ 2.2597400e-05, 2.2463800e-05, 2.0017700e-05,-2.3103600e-05,-2.1775300e-04,-3.3437300e-05, 7.7918765e-03,-5.2751400e-04,-2.6951200e-04, 8.2890300e-05,-3.4453200e-05, 1.9105900e-06,-1.4359100e-06,-1.5429300e-06,-3.9863700e-07,-8.3613000e-07,-7.1912500e-07,-2.6821300e-07,-3.7574900e-07,-4.2385700e-07,-2.9720800e-07,-1.0648900e-07, 4.0431200e-08, 1.0330600e-08,-8.4938400e-08,-1.4836000e-07,-1.6852400e-07,-8.5975600e-08, 2.0583800e-08, 8.4898300e-08, 4.3747800e-08,-4.0249900e-08,-7.8389000e-08,-7.0179000e-08,-2.3144600e-08, 4.0580900e-08, 8.2971600e-08, 9.4347400e-08, 7.8927300e-08, 5.9932700e-08, 3.6181400e-08, 1.1081800e-08,-1.6272300e-08,-4.1650200e-08,-6.2581800e-08,-8.2150300e-08,-9.6492100e-08,-1.1528200e-07,-1.3074400e-07,-1.4095800e-07,-1.5549800e-07,-2.0175600e-07,-2.3171600e-07,-2.6700100e-07,-2.9069100e-07,-3.1630300e-07,-3.6415600e-07,-4.1731800e-07,-4.1706400e-07,-3.6216400e-07,-4.2443300e-07,-6.1430100e-07]
      - [-1.23118e-05,-9.52163e-06,-1.02798e-06, 2.24026e-05, 2.92043e-05,-2.74368e-04,-5.27514e-04, 4.23076e-02,-1.48059e-03,-1.25167e-04, 5.38343e-05,-3.35745e-05, 4.80846e-06,-4.20250e-06,-1.55546e-06, 5.30994e-07,-6.67918e-08,-6.47904e-07,-1.65912e-07, 3.49999e-07, 2.86566e-07,-1.52431e-07,-4.63766e-07,-4.43702e-07,-1.88740e-07, 4.48593e-08, 2.02776e-07, 1.65469e-07, 1.68560e-08,-1.42043e-07,-1.85592e-07,-6.33904e-08, 1.04935e-07, 2.35690e-07, 2.39526e-07, 1.27029e-07,-7.07973e-09,-1.24206e-07,-1.74476e-07,-1.51545e-07,-7.06284e-08, 1.86506e-08, 8.55838e-08, 1.20466e-07, 1.22601e-07, 1.12326e-07, 9.19307e-08, 7.59571e-08, 5.77226e-08, 3.94934e-08, 2.38268e-08, 9.52831e-09,-8.78019e-09,-2.99624e-08,-5.10845e-08,-7.57125e-08,-1.10392e-07,-1.48598e-07,-1.72290e-07,-1.70293e-07,-2.21817e-07,-3.35573e-07]
      - [ 2.04255000e-06, 1.12922000e-06,-1.13914000e-06,-3.71621000e-06, 9.32404000e-06, 6.02970000e-05,-2.69512000e-04,-1.48059000e-03, 8.44347424e-02,-3.05113000e-03, 1.96632000e-04, 1.81916000e-06,-3.62539000e-05, 5.01034000e-06,-1.93260000e-06,-3.37450000e-06, 1.35258000e-07, 1.13985000e-07,-3.82088000e-07,-7.60022000e-07,-6.90078000e-07,-1.79565000e-07, 8.91924000e-08,-2.12179000e-08,-2.14448000e-07,-2.92021000e-07,-2.27532000e-07,-7.82206000e-08, 6.22306000e-08, 1.37342000e-07, 8.53553000e-08,-8.86650000e-08,-2.59631000e-07,-3.70757000e-07,-3.49575000e-07,-2.22160000e-07,-1.14246000e-07,-5.41428000e-08,-4.02651000e-08,-5.65264000e-08,-5.20937000e-08,-2.03524000e-08, 2.45017000e-08, 6.77766000e-08, 9.44229000e-08, 1.05761000e-07, 1.06855000e-07, 1.08996000e-07, 1.05154000e-07, 9.46716000e-08, 8.52606000e-08, 8.96042000e-08, 7.92013000e-08, 6.52727000e-08, 4.28194000e-08, 1.98040000e-08,-3.31114000e-09,-3.15602000e-08,-5.15898000e-08,-5.76566000e-08,-7.28860000e-08,-1.10519000e-07]
      - [ 6.809890e-06, 6.240820e-06, 3.827680e-06,-9.942290e-07,-8.839190e-06,-1.308680e-05, 8.289030e-05,-1.251670e-04,-3.051130e-03, 9.339082e-02,-4.642790e-03, 4.655040e-04,-2.472430e-06,-3.921530e-05, 5.632690e-06,-6.449080e-07,-1.346960e-06,-8.789150e-07,-7.646090e-07,-3.832270e-07, 6.445950e-08,-2.056670e-07,-7.163960e-07,-5.627790e-07,-1.296870e-07, 4.127120e-08,-2.492270e-09,-9.719820e-08,-2.223190e-07,-2.867080e-07,-2.489900e-07,-9.194910e-08, 7.795500e-08, 1.632100e-07, 1.182350e-07, 2.001710e-08,-3.021680e-08,-3.972040e-08,-3.350990e-08,-7.522610e-09, 9.000780e-09, 8.105790e-09,-1.154030e-08,-3.829140e-08,-5.811150e-08,-6.755340e-08,-6.979090e-08,-7.205570e-08,-6.849220e-08,-5.927390e-08,-4.905680e-08,-4.640110e-08,-3.444630e-08,-1.907680e-08, 1.484480e-09, 2.430580e-08, 4.992540e-08, 8.122440e-08, 9.968150e-08, 9.963350e-08, 1.230440e-07, 1.831100e-07]
      - [-4.13705e-06,-4.37510e-06,-4.30958e-06,-1.11585e-06, 2.74158e-06,-4.59697e-06,-3.44532e-05, 5.38343e-05, 1.96632e-04,-4.64279e-03, 8.72645e-02,-4.71059e-03, 3.43884e-04, 6.43400e-05,-5.11091e-05, 3.35082e-06, 1.56688e-07,-1.97868e-06,-7.44769e-07,-6.57764e-07,-5.98325e-07,-3.28502e-07,-2.00007e-07,-2.38639e-07,-2.93023e-07,-2.79077e-07,-1.38247e-07,-6.44067e-08,-4.01293e-08,-4.98604e-08,-7.75726e-08,-7.06266e-08,-1.27537e-08, 3.35343e-08, 5.06823e-08, 6.81506e-08, 7.42007e-08, 5.92708e-08, 3.23755e-08,-9.53660e-09,-4.32307e-08,-6.69998e-08,-7.92342e-08,-7.87901e-08,-6.62239e-08,-5.10095e-08,-3.01818e-08,-7.89674e-09, 1.55237e-08, 3.78347e-08, 6.05530e-08, 1.03869e-07, 1.46330e-07, 1.99210e-07, 2.48576e-07, 3.01504e-07, 3.83267e-07, 4.73748e-07, 5.08320e-07, 4.70431e-07, 5.82701e-07, 8.65597e-07]
      - [ 2.833250e-06, 2.555610e-06, 1.258010e-06,-8.693400e-07,-3.261230e-06,-2.646350e-07, 1.910590e-06,-3.357450e-05, 1.819160e-06, 4.655040e-04,-4.710590e-03, 7.166402e-02,-3.387020e-03, 4.954970e-05, 1.243990e-04,-4.518250e-05,-5.281970e-06, 1.048630e-06,-1.005610e-06,-6.341760e-07,-8.576450e-07,-8.938850e-07,-5.257370e-07,-2.120200e-07,-2.028020e-07,-2.369320e-07,-1.601500e-07,-5.884260e-08,-8.901640e-08,-2.415360e-07,-3.990830e-07,-4.174680e-07,-3.266630e-07,-2.218020e-07,-1.574370e-07,-1.314280e-07,-1.206450e-07,-1.141650e-07,-1.066630e-07,-7.779470e-08,-3.885380e-08,-7.355140e-09,-8.403420e-10,-1.684280e-08,-4.486780e-08,-7.791140e-08,-1.134510e-07,-1.625460e-07,-2.145690e-07,-2.643170e-07,-3.281360e-07,-4.813070e-07,-6.176420e-07,-7.922400e-07,-9.529520e-07,-1.133430e-06,-1.417260e-06,-1.737420e-06,-1.848900e-06,-1.700300e-06,-2.085250e-06,-3.082870e-06]
      - [-2.36353000e-06,-2.36991000e-06,-1.81748000e-06, 1.22287000e-08, 1.42633000e-06,-2.76822000e-06,-1.43591000e-06, 4.80846000e-06,-3.62539000e-05,-2.47243000e-06, 3.43884000e-04,-3.38702000e-03, 5.43948161e-02,-1.99609000e-03,-1.97494000e-04, 1.40701000e-04,-2.41182000e-05,-1.15769000e-05, 1.98847000e-06, 3.59117000e-07,-3.06655000e-07,-5.97712000e-07,-4.67593000e-07,-1.97506000e-07,-7.99812000e-08,-1.22470000e-07,-1.65241000e-07,-2.36608000e-07,-2.31742000e-07,-7.78532000e-08, 6.13951000e-08, 8.14120000e-08, 6.70423000e-08, 3.15730000e-08,-1.83257000e-08,-4.58658000e-08,-4.09805000e-08,-1.67402000e-08, 9.85759000e-09, 1.12814000e-08,-6.01832000e-11,-2.17577000e-08,-4.05264000e-08,-5.26088000e-08,-5.61969000e-08,-5.55807000e-08,-5.04229000e-08,-4.57454000e-08,-4.09488000e-08,-3.58489000e-08,-3.40314000e-08,-3.70922000e-08,-3.89398000e-08,-4.44480000e-08,-4.85056000e-08,-5.72558000e-08,-6.96818000e-08,-8.32070000e-08,-8.46367000e-08,-7.28893000e-08,-8.08925000e-08,-1.11743000e-07]
      - [ 4.60903000e-07, 5.72245000e-07, 4.52199000e-07, 3.37762000e-09,-1.60667000e-06,-6.41698000e-07,-1.54293000e-06,-4.20250000e-06, 5.01034000e-06,-3.92153000e-05, 6.43400000e-05, 4.95497000e-05,-1.99609000e-03, 1.66903741e-02,-1.02244000e-03,-3.07245000e-04, 1.10525000e-04,-1.37916000e-06,-1.59009000e-05,-6.35412000e-07, 8.14014000e-07,-1.75449000e-07,-3.67623000e-07,-2.30416000e-07,-7.98500000e-08,-7.69094000e-08,-7.54618000e-08,-4.29283000e-08,-1.76533000e-08,-6.21007000e-08,-1.27541000e-07,-1.35804000e-07,-1.65415000e-07,-1.65186000e-07,-1.22897000e-07,-6.05330000e-08,-2.80177000e-08,-4.00724000e-08,-7.95828000e-08,-9.98987000e-08,-9.84741000e-08,-7.98790000e-08,-6.68116000e-08,-5.60151000e-08,-4.38866000e-08,-3.50408000e-08,-2.73149000e-08,-2.47549000e-08,-2.25608000e-08,-2.11459000e-08,-2.13763000e-08,-3.02158000e-08,-3.53139000e-08,-4.07102000e-08,-4.60379000e-08,-5.01128000e-08,-5.97701000e-08,-7.11826000e-08,-7.43128000e-08,-6.89454000e-08,-8.58012000e-08,-1.29823000e-07]
      - [ 1.45125000e-06, 1.05304000e-06, 2.07495000e-07,-4.58848000e-07, 2.37013000e-07,-1.44726000e-07,-3.98637000e-07,-1.55546000e-06,-1.93260000e-06, 5.63269000e-06,-5.11091000e-05, 1.24399000e-04,-1.97494000e-04,-1.02244000e-03, 2.21474996e-02,-4.54702000e-04,-3.35603000e-04, 6.99843000e-05, 1.99467000e-05,-1.28861000e-05,-3.63521000e-06, 5.85673000e-07,-2.23172000e-08,-5.06749000e-07,-5.27385000e-07,-2.19553000e-07, 5.15650000e-08, 8.12731000e-08,-9.99436000e-08,-2.31307000e-07,-2.33550000e-07,-1.54757000e-07,-1.08443000e-08, 7.00666000e-08, 4.84885000e-08,-3.48566000e-08,-9.22654000e-08,-8.45144000e-08,-2.99382000e-08, 7.60534000e-09, 2.78935000e-08, 2.70530000e-08, 1.36852000e-08,-1.11114000e-08,-4.15912000e-08,-7.11307000e-08,-9.60762000e-08,-1.23255000e-07,-1.47040000e-07,-1.64738000e-07,-1.87181000e-07,-2.47888000e-07,-2.93374000e-07,-3.51463000e-07,-3.97434000e-07,-4.50964000e-07,-5.41997000e-07,-6.43886000e-07,-6.70287000e-07,-6.06089000e-07,-7.34346000e-07,-1.07648000e-06]
      - [-4.48031000e-07,-3.08554000e-07,-1.01602000e-07,-4.90005000e-08,-3.08796000e-07,-1.03819000e-06,-8.36130000e-07, 5.30994000e-07,-3.37450000e-06,-6.44908000e-07, 3.35082000e-06,-4.51825000e-05, 1.40701000e-04,-3.07245000e-04,-4.54702000e-04, 1.44291569e-02,-1.43175000e-04,-2.99770000e-04, 2.80671000e-05, 2.71100000e-05,-7.72121000e-06,-4.98225000e-06,-1.97599000e-07,-2.73901000e-07,-5.79968000e-07,-3.65703000e-07,-1.15684000e-07, 2.67747000e-08, 7.61255000e-08,-1.46925000e-08,-9.64499000e-08,-6.95055000e-08,-5.39288000e-08,-1.02566000e-07,-1.14673000e-07,-5.54869000e-08, 6.84489000e-09, 1.93724000e-08,-4.20884000e-09,-1.12868000e-08,-8.71096000e-09,-1.13966000e-08,-2.15426000e-08,-3.14132000e-08,-3.25850000e-08,-2.77851000e-08,-1.85115000e-08,-1.02742000e-08,-2.96824000e-09, 2.83197000e-09, 6.18886000e-09, 6.85942000e-09, 5.35796000e-09, 7.49868000e-10,-7.83619000e-09,-1.94673000e-08,-3.27197000e-08,-4.92205000e-08,-5.62853000e-08,-5.29492000e-08,-6.49764000e-08,-9.75023000e-08]
      - [-3.3087600e-07,-4.4383800e-07,-6.2381100e-07,-8.4285500e-08,-1.3271600e-07,-4.4338000e-07,-7.1912500e-07,-6.6791800e-08, 1.3525800e-07,-1.3469600e-06, 1.5668800e-07,-5.2819700e-06,-2.4118200e-05, 1.1052500e-04,-3.3560300e-04,-1.4317500e-04, 3.5902505e-03,-1.3939000e-06,-2.5875000e-04,-5.5694600e-06, 3.0000700e-05,-1.4720500e-06,-5.6738800e-06,-4.7769700e-07, 4.5662400e-07,-9.8966100e-08,-1.9334700e-07,-2.5329700e-07,-2.4874200e-07,-3.7870200e-08, 8.6867800e-08,-1.0267200e-08,-1.1316500e-07,-5.5995400e-08,-1.4372400e-08,-3.7305600e-08,-6.4114400e-08,-4.4457900e-08,-1.4534500e-08,-1.6941100e-08,-3.0816800e-08,-2.7985000e-08,-1.1960200e-08, 5.1359600e-09, 1.1044900e-08, 5.8122600e-09,-6.9562900e-09,-2.3050500e-08,-3.8512600e-08,-5.0679000e-08,-6.1591200e-08,-8.3087600e-08,-9.4845200e-08,-1.0449000e-07,-1.0463000e-07,-1.0115100e-07,-1.0541200e-07,-1.0706100e-07,-9.9009200e-08,-8.2931100e-08,-9.4993500e-08,-1.3594100e-07]
      - [ 5.4734300e-07, 5.1477400e-07, 3.7377100e-07,-3.4378900e-07, 2.2150900e-08, 6.9532400e-08,-2.6821300e-07,-6.4790400e-07, 1.1398500e-07,-8.7891500e-07,-1.9786800e-06, 1.0486300e-06,-1.1576900e-05,-1.3791600e-06, 6.9984300e-05,-2.9977000e-04,-1.3939000e-06, 4.7724944e-03, 7.8857900e-05,-2.0573400e-04,-2.9379900e-05, 2.5332300e-05, 4.1065500e-06,-5.0878200e-06,-1.7291200e-06, 2.9099400e-07,-3.5740100e-08,-1.7498800e-07,-3.6114300e-08,-1.8307200e-07,-2.8638000e-07,-6.9570600e-08, 1.0651400e-07, 3.2764500e-08,-3.2086400e-08,-8.8049000e-09, 4.8473400e-09,-4.2532200e-08,-8.1927200e-08,-7.3765800e-08,-3.7005400e-08,-1.5238800e-08,-1.8667400e-08,-3.4603200e-08,-4.4787200e-08,-4.5633500e-08,-3.6793800e-08,-2.6054600e-08,-1.4868700e-08,-6.4972800e-09,-2.9837600e-09,-4.9489100e-09,-1.4380800e-08,-3.3576400e-08,-6.0815000e-08,-9.6557500e-08,-1.4397600e-07,-2.0058600e-07,-2.3145900e-07,-2.2326500e-07,-2.8143200e-07,-4.2041600e-07]
      - [ 8.4510400e-07, 6.5305500e-07, 8.4967900e-08,-2.7006400e-08,-2.0442400e-07,-9.0704300e-08,-3.7574900e-07,-1.6591200e-07,-3.8208800e-07,-7.6460900e-07,-7.4476900e-07,-1.0056100e-06, 1.9884700e-06,-1.5900900e-05, 1.9946700e-05, 2.8067100e-05,-2.5875000e-04, 7.8857900e-05, 3.2278529e-03, 1.1036800e-04,-1.6683900e-04,-4.5151700e-05, 1.9063100e-05, 8.1916800e-06,-3.6628300e-06,-3.0619000e-06,-1.0585000e-07, 4.2584100e-07,-1.5528000e-07,-1.8260300e-07, 7.0283600e-09,-9.1412000e-08,-1.2729200e-07, 5.4379100e-10, 5.8169200e-08,-2.1101800e-08,-7.6430300e-08,-4.0777700e-08, 5.3178100e-09, 1.2281400e-08,-4.2354500e-09,-1.2150400e-08,-5.4501500e-09, 1.2056100e-08, 2.4933700e-08, 2.6164800e-08, 1.6636100e-08, 2.7786000e-09,-1.1579900e-08,-2.1972800e-08,-2.7679400e-08,-3.3054600e-08,-2.6349600e-08,-1.0551600e-08, 1.5784500e-08, 5.0166900e-08, 9.4802300e-08, 1.4719400e-07, 1.8179700e-07, 1.8311100e-07, 2.3653100e-07, 3.5780600e-07]
      - [-3.4164700e-07,-2.2938800e-07, 1.4532000e-08, 1.4363500e-07,-1.4909500e-07,-1.7813100e-07,-4.2385700e-07, 3.4999900e-07,-7.6002200e-07,-3.8322700e-07,-6.5776400e-07,-6.3417600e-07, 3.5911700e-07,-6.3541200e-07,-1.2886100e-05, 2.7110000e-05,-5.5694600e-06,-2.0573400e-04, 1.1036800e-04, 1.9376554e-03, 1.1707700e-04,-1.3245500e-04,-5.0794800e-05, 1.2666100e-05, 9.2019100e-06,-1.7303100e-06,-2.9922600e-06,-7.8460900e-07, 4.2190600e-07, 1.5867400e-07,-1.9858800e-07,-7.8407500e-08, 3.4861000e-08,-1.8319000e-08,-7.8911500e-08,-2.2076300e-08, 2.9107900e-08, 1.4430300e-08,-1.4627000e-08,-1.7607300e-08, 4.8910100e-09, 2.6993500e-08, 3.7273300e-08, 2.9597400e-08, 1.6350700e-08, 1.2624800e-08, 1.8246500e-08, 3.0514700e-08, 4.3588000e-08, 5.3321500e-08, 6.1140000e-08, 7.7717800e-08, 8.1767900e-08, 8.1733900e-08, 7.1434200e-08, 5.6698000e-08, 4.1487100e-08, 2.3480400e-08, 2.9002500e-09,-1.1765400e-08,-2.5484600e-08,-4.5737100e-08]
      - [-4.206890e-08,-4.681080e-08, 7.951360e-08, 7.357550e-09,-1.809760e-08,-1.839940e-07,-2.972080e-07, 2.865660e-07,-6.900780e-07, 6.445950e-08,-5.983250e-07,-8.576450e-07,-3.066550e-07, 8.140140e-07,-3.635210e-06,-7.721210e-06, 3.000070e-05,-2.937990e-05,-1.668390e-04, 1.170770e-04, 3.128456e-03, 1.258880e-04,-1.046010e-04,-5.605600e-05, 6.013520e-06, 9.657880e-06,-1.492060e-07,-2.482290e-06,-1.079780e-06, 4.401170e-08, 2.157830e-07,-1.284890e-08,-1.417250e-07,-6.824070e-08, 3.511420e-08, 3.172700e-08,-1.137310e-08,-3.159960e-08,-2.052550e-08,-2.758260e-09, 4.746670e-10,-1.242610e-08,-2.505950e-08,-2.276370e-08,-1.005000e-08,-1.097080e-09, 9.164580e-10,-1.625990e-09,-6.775860e-09,-1.256760e-08,-1.864750e-08,-2.931850e-08,-3.766250e-08,-4.624410e-08,-5.176730e-08,-5.679550e-08,-6.565230e-08,-7.615250e-08,-7.836690e-08,-7.041010e-08,-8.536240e-08,-1.250710e-07]
      - [ 2.047270e-07, 1.443160e-07,-1.095450e-07,-1.314730e-07, 2.645970e-08, 1.503730e-08,-1.064890e-07,-1.524310e-07,-1.795650e-07,-2.056670e-07,-3.285020e-07,-8.938850e-07,-5.977120e-07,-1.754490e-07, 5.856730e-07,-4.982250e-06,-1.472050e-06, 2.533230e-05,-4.515170e-05,-1.324550e-04, 1.258880e-04, 7.919501e-04, 1.198250e-04,-8.142370e-05,-5.683620e-05, 2.875600e-07, 9.967970e-06, 1.715730e-06,-1.995480e-06,-1.257650e-06,-3.135700e-07,-4.489650e-08, 3.708430e-08, 7.829170e-08, 1.273100e-08,-5.371830e-08,-5.431860e-08,-7.595720e-09, 1.712530e-08,-2.682890e-09,-3.071300e-08,-2.917490e-08,-1.327500e-08,-2.331130e-09,-5.365740e-09,-1.648490e-08,-2.828660e-08,-4.068320e-08,-5.040660e-08,-5.617010e-08,-6.135120e-08,-7.688400e-08,-8.273190e-08,-8.718130e-08,-8.407410e-08,-7.861760e-08,-7.549950e-08,-6.988000e-08,-5.535240e-08,-3.825010e-08,-3.655130e-08,-4.689460e-08]
      - [ 9.7494700e-08, 3.1609300e-08,-1.6730900e-07,-1.8333700e-07, 7.5958800e-08, 1.3405500e-07, 4.0431200e-08,-4.6376600e-07, 8.9192400e-08,-7.1639600e-07,-2.0000700e-07,-5.2573700e-07,-4.6759300e-07,-3.6762300e-07,-2.2317200e-08,-1.9759900e-07,-5.6738800e-06, 4.1065500e-06, 1.9063100e-05,-5.0794800e-05,-1.0460100e-04, 1.1982500e-04, 3.4293173e-03, 1.1213800e-04,-6.3639600e-05,-5.3808400e-05,-4.1098300e-06, 9.3292700e-06, 3.2446700e-06,-1.4772500e-06,-1.6464200e-06,-4.8391600e-07, 1.2595200e-07, 8.8359700e-08, 1.4597500e-08,-3.0538300e-09,-2.5182200e-08,-7.0460400e-08,-8.8266500e-08,-4.4137800e-08, 1.8345100e-08, 3.3092000e-08, 8.5767900e-09,-2.3530900e-08,-3.8300900e-08,-3.6130200e-08,-2.5219000e-08,-1.4723700e-08,-6.1599000e-09,-1.1400700e-09,-1.0954300e-09,-7.6216200e-09,-2.3035600e-08,-5.0990000e-08,-8.8891200e-08,-1.3777100e-07,-2.0778900e-07,-2.9038400e-07,-3.3715500e-07,-3.2790400e-07,-4.1497500e-07,-6.2226300e-07]
      - [-5.4499100e-08,-4.4734300e-08, 3.0741600e-08,-7.8235600e-08,-7.3928300e-08, 1.8350200e-07, 1.0330600e-08,-4.4370200e-07,-2.1217900e-08,-5.6277900e-07,-2.3863900e-07,-2.1202000e-07,-1.9750600e-07,-2.3041600e-07,-5.0674900e-07,-2.7390100e-07,-4.7769700e-07,-5.0878200e-06, 8.1916800e-06, 1.2666100e-05,-5.6056000e-05,-8.1423700e-05, 1.1213800e-04, 2.7739025e-03, 1.1024200e-04,-4.8443700e-05,-5.1376900e-05,-8.6919600e-06, 7.5678600e-06, 4.0518100e-06,-5.6989500e-07,-1.4537100e-06,-7.5516000e-07,-8.6863600e-08, 1.1341000e-07, 5.4775700e-08,-5.1561300e-08,-7.9590400e-08,-3.5585200e-08,-1.5577900e-08,-2.6162500e-08,-2.7286700e-08,-1.0116300e-08, 6.3289800e-09, 1.0819300e-08, 5.7978100e-09,-2.2564200e-09,-1.0805900e-08,-1.8579100e-08,-2.5118400e-08,-3.1162900e-08,-4.2079100e-08,-4.5774500e-08,-4.4602500e-08,-3.4442100e-08,-1.8015200e-08, 3.7940400e-09, 3.1387800e-08, 5.4640400e-08, 6.3953700e-08, 8.8968200e-08, 1.3870000e-07]
      - [ 5.877910e-09, 2.684470e-08, 6.307040e-08, 4.921980e-08,-1.280520e-07, 6.274800e-08,-8.493840e-08,-1.887400e-07,-2.144480e-07,-1.296870e-07,-2.930230e-07,-2.028020e-07,-7.998120e-08,-7.985000e-08,-5.273850e-07,-5.799680e-07, 4.566240e-07,-1.729120e-06,-3.662830e-06, 9.201910e-06, 6.013520e-06,-5.683620e-05,-6.363960e-05, 1.102420e-04, 4.900372e-04, 1.042050e-04,-3.712830e-05,-4.994760e-05,-1.258880e-05, 6.129650e-06, 4.940220e-06, 1.409650e-07,-1.471840e-06,-9.276480e-07,-2.657620e-07, 2.063440e-08, 8.283490e-08, 6.993670e-08,-1.747910e-09,-6.941980e-08,-8.287130e-08,-5.778760e-08,-3.140800e-08,-1.021630e-08, 4.207940e-10,-7.743000e-10,-9.101190e-09,-2.033610e-08,-2.937760e-08,-3.360660e-08,-3.516630e-08,-4.001260e-08,-3.726160e-08,-3.197400e-08,-2.300870e-08,-1.323770e-08,-3.137070e-09, 8.652920e-09, 1.869410e-08, 2.308430e-08, 3.263800e-08, 5.144650e-08]
      - [ 4.8610400e-08, 3.0576600e-08,-3.1720400e-08, 2.7564200e-08, 2.4844400e-08,-1.3309700e-07,-1.4836000e-07, 4.4859300e-08,-2.9202100e-07, 4.1271200e-08,-2.7907700e-07,-2.3693200e-07,-1.2247000e-07,-7.6909400e-08,-2.1955300e-07,-3.6570300e-07,-9.8966100e-08, 2.9099400e-07,-3.0619000e-06,-1.7303100e-06, 9.6578800e-06, 2.8756000e-07,-5.3808400e-05,-4.8443700e-05, 1.0420500e-04, 1.7832996e-03, 9.4136600e-05,-2.7401600e-05,-4.4636700e-05,-1.4498700e-05, 3.8736600e-06, 4.8476600e-06, 9.2201500e-07,-1.1349800e-06,-1.0545400e-06,-3.6593200e-07, 4.3503500e-08, 6.0959000e-08,-1.9113500e-08,-4.3344000e-08,-4.2325000e-08,-4.7006200e-08,-5.9274500e-08,-6.6206400e-08,-5.9905200e-08,-4.3906200e-08,-2.3267500e-08,-4.6581500e-09, 9.3890200e-09, 1.7118600e-08, 1.9693700e-08, 2.0120500e-08, 1.1275200e-08,-5.4357100e-09,-2.9614100e-08,-6.0417700e-08,-1.0282400e-07,-1.5361800e-07,-1.8556200e-07,-1.8498800e-07,-2.3737700e-07,-3.5805600e-07]
      - [-1.901750e-07,-1.715710e-07,-1.030160e-07, 1.706620e-08, 1.492910e-07,-2.270170e-07,-1.685240e-07, 2.027760e-07,-2.275320e-07,-2.492270e-09,-1.382470e-07,-1.601500e-07,-1.652410e-07,-7.546180e-08, 5.156500e-08,-1.156840e-07,-1.933470e-07,-3.574010e-08,-1.058500e-07,-2.992260e-06,-1.492060e-07, 9.967970e-06,-4.109830e-06,-5.137690e-05,-3.712830e-05, 9.413660e-05, 7.048325e-04, 9.168050e-05,-1.832570e-05,-4.067830e-05,-1.680020e-05, 1.808950e-06, 4.876800e-06, 1.724280e-06,-4.807160e-07,-9.223080e-07,-6.071520e-07,-2.343400e-07,-3.980710e-08,-1.003600e-08,-3.070810e-08,-4.231560e-08,-4.132230e-08,-3.258410e-08,-2.139760e-08,-1.393640e-08,-1.006870e-08,-7.580700e-09,-4.244910e-09,-5.892720e-10, 2.841790e-09, 7.083320e-09, 1.095290e-08, 1.598780e-08, 2.229810e-08, 3.191800e-08, 4.812000e-08, 6.909920e-08, 8.305680e-08, 8.318150e-08, 1.072730e-07, 1.621340e-07]
      - [-2.0257500e-07,-1.8123400e-07,-9.8305400e-08,-6.5776300e-09, 1.5134600e-07,-1.7240200e-07,-8.5975600e-08, 1.6546900e-07,-7.8220600e-08,-9.7198200e-08,-6.4406700e-08,-5.8842600e-08,-2.3660800e-07,-4.2928300e-08, 8.1273100e-08, 2.6774700e-08,-2.5329700e-07,-1.7498800e-07, 4.2584100e-07,-7.8460900e-07,-2.4822900e-06, 1.7157300e-06, 9.3292700e-06,-8.6919600e-06,-4.9947600e-05,-2.7401600e-05, 9.1680500e-05, 1.1559605e-03, 8.5207300e-05,-1.1459800e-05,-3.7085200e-05,-1.7790000e-05, 1.5756300e-07, 4.7176100e-06, 2.3984900e-06,-3.0137800e-08,-8.9230700e-07,-7.2598200e-07,-3.6578400e-07,-1.3823800e-07,-3.0912200e-08, 6.7220200e-09, 2.2609800e-08, 2.9219700e-08, 2.7657900e-08, 1.9535400e-08, 8.1936300e-09,-5.2615500e-09,-1.7687400e-08,-2.5454300e-08,-2.8519100e-08,-3.0131500e-08,-1.9971400e-08,-2.2422600e-09, 2.0985900e-08, 4.6666600e-08, 7.7486000e-08, 1.1079400e-07, 1.2853900e-07, 1.2428800e-07, 1.5661000e-07, 2.3424600e-07]
      - [-7.5661400e-08,-7.9267700e-08,-8.1272100e-08,-2.7380100e-10, 4.6558900e-08,-1.3295200e-08, 2.0583800e-08, 1.6856000e-08, 6.2230600e-08,-2.2231900e-07,-4.0129300e-08,-8.9016400e-08,-2.3174200e-07,-1.7653300e-08,-9.9943600e-08, 7.6125500e-08,-2.4874200e-07,-3.6114300e-08,-1.5528000e-07, 4.2190600e-07,-1.0797800e-06,-1.9954800e-06, 3.2446700e-06, 7.5678600e-06,-1.2588800e-05,-4.4636700e-05,-1.8325700e-05, 8.5207300e-05, 1.2244325e-03, 7.7486900e-05,-6.1175100e-06,-3.1928600e-05,-1.8104200e-05,-2.0387700e-06, 3.5245500e-06, 2.5537800e-06, 5.2802300e-07,-4.9637600e-07,-5.9819400e-07,-3.9443200e-07,-1.5762900e-07,-1.2295500e-08, 4.4484500e-08, 5.0517600e-08, 3.4631400e-08, 1.8183200e-08, 6.5541600e-09,-3.1197500e-10,-5.1386300e-09,-9.5859900e-09,-1.5790300e-08,-2.8940200e-08,-4.3532000e-08,-6.2071000e-08,-7.8731100e-08,-9.5351300e-08,-1.1814600e-07,-1.4138700e-07,-1.4627600e-07,-1.3131200e-07,-1.5825600e-07,-2.3173700e-07]
      - [ 3.695900e-08, 1.991130e-08,-4.192920e-08,-2.911980e-08, 7.296290e-09, 7.482360e-08, 8.489830e-08,-1.420430e-07, 1.373420e-07,-2.867080e-07,-4.986040e-08,-2.415360e-07,-7.785320e-08,-6.210070e-08,-2.313070e-07,-1.469250e-08,-3.787020e-08,-1.830720e-07,-1.826030e-07, 1.586740e-07, 4.401170e-08,-1.257650e-06,-1.477250e-06, 4.051810e-06, 6.129650e-06,-1.449870e-05,-4.067830e-05,-1.145980e-05, 7.748690e-05, 8.860624e-04, 7.190410e-05,-6.685020e-07,-2.804120e-05,-1.895300e-05,-4.486520e-06, 2.206770e-06, 2.717330e-06, 1.194680e-06, 6.301400e-08,-3.324760e-07,-3.117130e-07,-1.744080e-07,-7.015850e-08,-1.281600e-08, 9.011720e-09, 1.306500e-08, 9.938820e-09, 5.532450e-09,-1.099360e-09,-9.216350e-09,-1.911260e-08,-3.749560e-08,-5.957260e-08,-8.966510e-08,-1.222760e-07,-1.617300e-07,-2.205730e-07,-2.896890e-07,-3.241730e-07,-3.084000e-07,-3.852830e-07,-5.743180e-07]
      - [-1.113110e-08,-6.707760e-09, 1.303110e-08,-2.219320e-08, 4.108090e-08, 5.791520e-08, 4.374780e-08,-1.855920e-07, 8.535530e-08,-2.489900e-07,-7.757260e-08,-3.990830e-07, 6.139510e-08,-1.275410e-07,-2.335500e-07,-9.644990e-08, 8.686780e-08,-2.863800e-07, 7.028360e-09,-1.985880e-07, 2.157830e-07,-3.135700e-07,-1.646420e-06,-5.698950e-07, 4.940220e-06, 3.873660e-06,-1.680020e-05,-3.708520e-05,-6.117510e-06, 7.190410e-05, 3.699893e-04, 6.457710e-05, 1.755730e-06,-2.427860e-05,-1.883190e-05,-6.228820e-06, 9.996830e-07, 2.545940e-06, 1.599890e-06, 5.503430e-07,-6.577830e-08,-2.466690e-07,-2.314260e-07,-1.520360e-07,-7.443870e-08,-2.863960e-08,-7.826980e-09,-2.484280e-09,-5.424940e-09,-1.226620e-08,-2.083800e-08,-3.519840e-08,-4.774120e-08,-6.093930e-08,-7.038090e-08,-7.867820e-08,-9.106520e-08,-1.032500e-07,-1.021310e-07,-8.838180e-08,-1.035440e-07,-1.495860e-07]
      - [ 3.602070e-08, 2.397500e-08, 9.092120e-10, 3.603790e-09, 1.342990e-07,-3.382340e-08,-4.024990e-08,-6.339040e-08,-8.866500e-08,-9.194910e-08,-7.062660e-08,-4.174680e-07, 8.141200e-08,-1.358040e-07,-1.547570e-07,-6.950550e-08,-1.026720e-08,-6.957060e-08,-9.141200e-08,-7.840750e-08,-1.284890e-08,-4.489650e-08,-4.839160e-07,-1.453710e-06, 1.409650e-07, 4.847660e-06, 1.808950e-06,-1.779000e-05,-3.192860e-05,-6.685020e-07, 6.457710e-05, 2.989125e-04, 5.900160e-05, 5.929830e-06,-1.924510e-05,-1.745330e-05,-7.697090e-06,-5.818490e-07, 1.766380e-06, 1.668320e-06, 8.524830e-07, 2.100400e-07,-9.505990e-08,-1.863110e-07,-1.693860e-07,-1.278470e-07,-8.756900e-08,-6.252830e-08,-4.318030e-08,-2.902100e-08,-2.012920e-08,-1.594570e-08,-9.502080e-09,-2.824570e-09, 4.564490e-09, 1.285100e-08, 2.421760e-08, 3.746450e-08, 4.567240e-08, 4.552070e-08, 5.848980e-08, 8.826210e-08]
      - [-5.361270e-08,-4.564280e-08,-3.548140e-08, 5.630840e-08, 1.621250e-07,-9.012270e-08,-7.838900e-08, 1.049350e-07,-2.596310e-07, 7.795500e-08,-1.275370e-08,-3.266630e-07, 6.704230e-08,-1.654150e-07,-1.084430e-08,-5.392880e-08,-1.131650e-07, 1.065140e-07,-1.272920e-07, 3.486100e-08,-1.417250e-07, 3.708430e-08, 1.259520e-07,-7.551600e-07,-1.471840e-06, 9.220150e-07, 4.876800e-06, 1.575630e-07,-1.810420e-05,-2.804120e-05, 1.755730e-06, 5.900160e-05, 2.863909e-04, 5.501830e-05, 1.028080e-05,-1.390150e-05,-1.620550e-05,-8.917800e-06,-2.314500e-06, 7.695630e-07, 1.432670e-06, 1.035520e-06, 5.422370e-07, 1.711480e-07,-3.788300e-08,-1.214720e-07,-1.375960e-07,-1.354960e-07,-1.194420e-07,-9.638370e-08,-7.753670e-08,-7.247470e-08,-5.971460e-08,-5.125340e-08,-4.407600e-08,-4.051420e-08,-4.119980e-08,-4.267070e-08,-3.945110e-08,-3.251150e-08,-3.694210e-08,-5.252430e-08]
      - [-8.68773e-08,-8.09637e-08,-6.24787e-08, 4.18865e-08, 1.32824e-07,-8.94511e-08,-7.01790e-08, 2.35690e-07,-3.70757e-07, 1.63210e-07, 3.35343e-08,-2.21802e-07, 3.15730e-08,-1.65186e-07, 7.00666e-08,-1.02566e-07,-5.59954e-08, 3.27645e-08, 5.43791e-10,-1.83190e-08,-6.82407e-08, 7.82917e-08, 8.83597e-08,-8.68636e-08,-9.27648e-07,-1.13498e-06, 1.72428e-06, 4.71761e-06,-2.03877e-06,-1.89530e-05,-2.42786e-05, 5.92983e-06, 5.50183e-05, 2.30594e-04, 5.08614e-05, 1.30562e-05,-9.88449e-06,-1.41695e-05,-9.04551e-06,-3.63791e-06,-2.11465e-07, 1.01304e-06, 1.10139e-06, 7.82873e-07, 4.13358e-07, 1.59216e-07, 7.86761e-09,-7.41916e-08,-1.17529e-07,-1.33868e-07,-1.42712e-07,-1.74010e-07,-1.84944e-07,-1.98490e-07,-2.03118e-07,-2.11595e-07,-2.38889e-07,-2.71418e-07,-2.72766e-07,-2.40601e-07,-2.86483e-07,-4.17249e-07]
      - [-9.19811000e-08,-8.41997000e-08,-4.09269000e-08, 1.05904000e-08, 4.02866000e-08,-3.93133000e-08,-2.31446000e-08, 2.39526000e-07,-3.49575000e-07, 1.18235000e-07, 5.06823000e-08,-1.57437000e-07,-1.83257000e-08,-1.22897000e-07, 4.84885000e-08,-1.14673000e-07,-1.43724000e-08,-3.20864000e-08, 5.81692000e-08,-7.89115000e-08, 3.51142000e-08, 1.27310000e-08, 1.45975000e-08, 1.13410000e-07,-2.65762000e-07,-1.05454000e-06,-4.80716000e-07, 2.39849000e-06, 3.52455000e-06,-4.48652000e-06,-1.88319000e-05,-1.92451000e-05, 1.02808000e-05, 5.08614000e-05, 2.07555101e-04, 4.48189000e-05, 1.43595000e-05,-5.90807000e-06,-1.10213000e-05,-8.69126000e-06,-4.27639000e-06,-1.08219000e-06, 4.05285000e-07, 8.70616000e-07, 7.99419000e-07, 5.84872000e-07, 3.63970000e-07, 2.10000000e-07, 8.83753000e-08,-1.95012000e-09,-6.79585000e-08,-1.42728000e-07,-2.04026000e-07,-2.67144000e-07,-3.16605000e-07,-3.68269000e-07,-4.49646000e-07,-5.39806000e-07,-5.63616000e-07,-5.10302000e-07,-6.17851000e-07,-9.07387000e-07]
      - [ 1.35998000e-08, 1.46081000e-08, 7.48708000e-09,-1.83350000e-08,-4.70955000e-08, 1.57218000e-08, 4.05809000e-08, 1.27029000e-07,-2.22160000e-07, 2.00171000e-08, 6.81506000e-08,-1.31428000e-07,-4.58658000e-08,-6.05330000e-08,-3.48566000e-08,-5.54869000e-08,-3.73056000e-08,-8.80490000e-09,-2.11018000e-08,-2.20763000e-08, 3.17270000e-08,-5.37183000e-08,-3.05383000e-09, 5.47757000e-08, 2.06344000e-08,-3.65932000e-07,-9.22308000e-07,-3.01378000e-08, 2.55378000e-06, 2.20677000e-06,-6.22882000e-06,-1.74533000e-05,-1.39015000e-05, 1.30562000e-05, 4.48189000e-05, 1.75847156e-04, 3.98084000e-05, 1.50733000e-05,-2.01814000e-06,-8.29566000e-06,-7.55442000e-06,-4.46410000e-06,-1.96501000e-06,-3.82179000e-07, 3.75965000e-07, 6.15647000e-07, 6.03616000e-07, 5.40336000e-07, 4.35936000e-07, 3.16007000e-07, 2.14576000e-07, 1.41737000e-07, 3.73206000e-08,-7.20060000e-08,-1.79694000e-07,-2.86423000e-07,-4.18734000e-07,-5.64451000e-07,-6.37786000e-07,-6.09096000e-07,-7.62189000e-07,-1.13721000e-06]
      - [ 9.33641000e-08, 8.95254000e-08, 5.76846000e-08,-2.60698000e-08,-8.94968000e-08, 4.36077000e-08, 8.29716000e-08,-7.07973000e-09,-1.14246000e-07,-3.02168000e-08, 7.42007000e-08,-1.20645000e-07,-4.09805000e-08,-2.80177000e-08,-9.22654000e-08, 6.84489000e-09,-6.41144000e-08, 4.84734000e-09,-7.64303000e-08, 2.91079000e-08,-1.13731000e-08,-5.43186000e-08,-2.51822000e-08,-5.15613000e-08, 8.28349000e-08, 4.35035000e-08,-6.07152000e-07,-8.92307000e-07, 5.28023000e-07, 2.71733000e-06, 9.99683000e-07,-7.69709000e-06,-1.62055000e-05,-9.88449000e-06, 1.43595000e-05, 3.98084000e-05, 1.51451456e-04, 3.56924000e-05, 1.52478000e-05, 7.66397000e-07,-5.85079000e-06,-6.36839000e-06,-4.76305000e-06,-2.78534000e-06,-1.18205000e-06,-2.33637000e-07, 2.56854000e-07, 4.93462000e-07, 5.78015000e-07, 5.62854000e-07, 5.25244000e-07, 5.55148000e-07, 4.97303000e-07, 4.29074000e-07, 3.27681000e-07, 2.24203000e-07, 1.25884000e-07, 1.40450000e-08,-9.44606000e-08,-1.57219000e-07,-2.46662000e-07,-4.02915000e-07]
      - [ 1.34989000e-07, 1.18364000e-07, 7.57589000e-08,-3.25174000e-08,-8.58109000e-08, 4.04821000e-08, 9.43474000e-08,-1.24206000e-07,-5.41428000e-08,-3.97204000e-08, 5.92708000e-08,-1.14165000e-07,-1.67402000e-08,-4.00724000e-08,-8.45144000e-08, 1.93724000e-08,-4.44579000e-08,-4.25322000e-08,-4.07777000e-08, 1.44303000e-08,-3.15996000e-08,-7.59572000e-09,-7.04604000e-08,-7.95904000e-08, 6.99367000e-08, 6.09590000e-08,-2.34340000e-07,-7.25982000e-07,-4.96376000e-07, 1.19468000e-06, 2.54594000e-06,-5.81849000e-07,-8.91780000e-06,-1.41695000e-05,-5.90807000e-06, 1.50733000e-05, 3.56924000e-05, 1.52322725e-04, 2.98235000e-05, 1.51369000e-05, 2.70492000e-06,-3.51823000e-06,-5.19516000e-06,-4.60023000e-06,-3.12723000e-06,-1.84437000e-06,-8.95233000e-07,-3.14822000e-07, 7.44478000e-08, 3.15035000e-07, 4.71712000e-07, 6.84468000e-07, 8.08419000e-07, 9.25859000e-07, 9.83216000e-07, 1.03776000e-06, 1.16139000e-06, 1.29374000e-06, 1.27102000e-06, 1.09906000e-06, 1.29020000e-06, 1.86552000e-06]
