###################
# tau -> K pi nu #
###################
#
# [Belle:2007A]
# {{{
tau->K_Spinu::P(q2_min,q2_max)@Belle:2007A:
    type: MultivariateGaussian(Covariance)
    observables:
        [ "tau->K_Spinu::P(q2_min,q2_max)", "tau->K_Spinu::P(q2_min,q2_max)", "tau->K_Spinu::P(q2_min,q2_max)", "tau->K_Spinu::P(q2_min,q2_max)",
          "tau->K_Spinu::P(q2_min,q2_max)", "tau->K_Spinu::P(q2_min,q2_max)", "tau->K_Spinu::P(q2_min,q2_max)", "tau->K_Spinu::P(q2_min,q2_max)",
          "tau->K_Spinu::P(q2_min,q2_max)", "tau->K_Spinu::P(q2_min,q2_max)", "tau->K_Spinu::P(q2_min,q2_max)", "tau->K_Spinu::P(q2_min,q2_max)",
          "tau->K_Spinu::P(q2_min,q2_max)", "tau->K_Spinu::P(q2_min,q2_max)", "tau->K_Spinu::P(q2_min,q2_max)", "tau->K_Spinu::P(q2_min,q2_max)",
          "tau->K_Spinu::P(q2_min,q2_max)", "tau->K_Spinu::P(q2_min,q2_max)", "tau->K_Spinu::P(q2_min,q2_max)", "tau->K_Spinu::P(q2_min,q2_max)",
          "tau->K_Spinu::P(q2_min,q2_max)", "tau->K_Spinu::P(q2_min,q2_max)", "tau->K_Spinu::P(q2_min,q2_max)", "tau->K_Spinu::P(q2_min,q2_max)",
          "tau->K_Spinu::P(q2_min,q2_max)", "tau->K_Spinu::P(q2_min,q2_max)", "tau->K_Spinu::P(q2_min,q2_max)", "tau->K_Spinu::P(q2_min,q2_max)",
          "tau->K_Spinu::P(q2_min,q2_max)", "tau->K_Spinu::P(q2_min,q2_max)", "tau->K_Spinu::P(q2_min,q2_max)", "tau->K_Spinu::P(q2_min,q2_max)",
          "tau->K_Spinu::P(q2_min,q2_max)", "tau->K_Spinu::P(q2_min,q2_max)", "tau->K_Spinu::P(q2_min,q2_max)", "tau->K_Spinu::P(q2_min,q2_max)",
          "tau->K_Spinu::P(q2_min,q2_max)", "tau->K_Spinu::P(q2_min,q2_max)", "tau->K_Spinu::P(q2_min,q2_max)", "tau->K_Spinu::P(q2_min,q2_max)",
          "tau->K_Spinu::P(q2_min,q2_max)", "tau->K_Spinu::P(q2_min,q2_max)", "tau->K_Spinu::P(q2_min,q2_max)", "tau->K_Spinu::P(q2_min,q2_max)",
          "tau->K_Spinu::P(q2_min,q2_max)", "tau->K_Spinu::P(q2_min,q2_max)", "tau->K_Spinu::P(q2_min,q2_max)", "tau->K_Spinu::P(q2_min,q2_max)",
          "tau->K_Spinu::P(q2_min,q2_max)", "tau->K_Spinu::P(q2_min,q2_max)", "tau->K_Spinu::P(q2_min,q2_max)", "tau->K_Spinu::P(q2_min,q2_max)",
          "tau->K_Spinu::P(q2_min,q2_max)", "tau->K_Spinu::P(q2_min,q2_max)", "tau->K_Spinu::P(q2_min,q2_max)", "tau->K_Spinu::P(q2_min,q2_max)",
          "tau->K_Spinu::P(q2_min,q2_max)", "tau->K_Spinu::P(q2_min,q2_max)", "tau->K_Spinu::P(q2_min,q2_max)", "tau->K_Spinu::P(q2_min,q2_max)",
          "tau->K_Spinu::P(q2_min,q2_max)", "tau->K_Spinu::P(q2_min,q2_max)", "tau->K_Spinu::P(q2_min,q2_max)", "tau->K_Spinu::P(q2_min,q2_max)",
          "tau->K_Spinu::P(q2_min,q2_max)", "tau->K_Spinu::P(q2_min,q2_max)", "tau->K_Spinu::P(q2_min,q2_max)", "tau->K_Spinu::P(q2_min,q2_max)",
          "tau->K_Spinu::P(q2_min,q2_max)", "tau->K_Spinu::P(q2_min,q2_max)", "tau->K_Spinu::P(q2_min,q2_max)", "tau->K_Spinu::P(q2_min,q2_max)",
          "tau->K_Spinu::P(q2_min,q2_max)", "tau->K_Spinu::P(q2_min,q2_max)", "tau->K_Spinu::P(q2_min,q2_max)", "tau->K_Spinu::P(q2_min,q2_max)",
          "tau->K_Spinu::P(q2_min,q2_max)", "tau->K_Spinu::P(q2_min,q2_max)", "tau->K_Spinu::P(q2_min,q2_max)", "tau->K_Spinu::P(q2_min,q2_max)",
          "tau->K_Spinu::P(q2_min,q2_max)", "tau->K_Spinu::P(q2_min,q2_max)", "tau->K_Spinu::P(q2_min,q2_max)", "tau->K_Spinu::P(q2_min,q2_max)",
          "tau->K_Spinu::P(q2_min,q2_max)", "tau->K_Spinu::P(q2_min,q2_max)", "tau->K_Spinu::P(q2_min,q2_max)", "tau->K_Spinu::P(q2_min,q2_max)",
          "tau->K_Spinu::P(q2_min,q2_max)", "tau->K_Spinu::P(q2_min,q2_max)", "tau->K_Spinu::P(q2_min,q2_max)", "tau->K_Spinu::P(q2_min,q2_max)",
          "tau->K_Spinu::P(q2_min,q2_max)", "tau->K_Spinu::P(q2_min,q2_max)", "tau->K_Spinu::P(q2_min,q2_max)", "tau->K_Spinu::P(q2_min,q2_max)",
          "tau->K_Spinu::P(q2_min,q2_max)", "tau->K_Spinu::P(q2_min,q2_max)", "tau->K_Spinu::P(q2_min,q2_max)", "tau->K_Spinu::P(q2_min,q2_max)" ]
    options:
        [ {}, {}, {}, {},
          {}, {}, {}, {},
          {}, {}, {}, {},
          {}, {}, {}, {},
          {}, {}, {}, {},
          {}, {}, {}, {},
          {}, {}, {}, {},
          {}, {}, {}, {},
          {}, {}, {}, {},
          {}, {}, {}, {},
          {}, {}, {}, {},
          {}, {}, {}, {},
          {}, {}, {}, {},
          {}, {}, {}, {},
          {}, {}, {}, {},
          {}, {}, {}, {},
          {}, {}, {}, {},
          {}, {}, {}, {},
          {}, {}, {}, {},
          {}, {}, {}, {},
          {}, {}, {}, {},
          {}, {}, {}, {},
          {}, {}, {}, {},
          {}, {}, {}, {},
          {}, {}, {}, {} ]
    kinematics:
        [ {q2_min: 0.3969, q2_max: 0.4115}, {q2_min: 0.4115, q2_max: 0.4264}, {q2_min: 0.4264, q2_max: 0.4416}, {q2_min: 0.4416, q2_max: 0.4570},
          {q2_min: 0.4570, q2_max: 0.4727}, {q2_min: 0.4727, q2_max: 0.4886}, {q2_min: 0.4886, q2_max: 0.5048}, {q2_min: 0.5048, q2_max: 0.5213},
          {q2_min: 0.5213, q2_max: 0.5380}, {q2_min: 0.5380, q2_max: 0.5550}, {q2_min: 0.5550, q2_max: 0.5723}, {q2_min: 0.5723, q2_max: 0.5898},
          {q2_min: 0.5898, q2_max: 0.6076}, {q2_min: 0.6076, q2_max: 0.6257}, {q2_min: 0.6257, q2_max: 0.6440}, {q2_min: 0.6440, q2_max: 0.6626},
          {q2_min: 0.6626, q2_max: 0.6815}, {q2_min: 0.6815, q2_max: 0.7006}, {q2_min: 0.7006, q2_max: 0.7200}, {q2_min: 0.7200, q2_max: 0.7396},
          {q2_min: 0.7396, q2_max: 0.7595}, {q2_min: 0.7595, q2_max: 0.7797}, {q2_min: 0.7797, q2_max: 0.8001}, {q2_min: 0.8001, q2_max: 0.8208},
          {q2_min: 0.8208, q2_max: 0.8418}, {q2_min: 0.8418, q2_max: 0.8630}, {q2_min: 0.8630, q2_max: 0.8845}, {q2_min: 0.8845, q2_max: 0.9063},
          {q2_min: 0.9063, q2_max: 0.9283}, {q2_min: 0.9283, q2_max: 0.9506}, {q2_min: 0.9506, q2_max: 0.9732}, {q2_min: 0.9732, q2_max: 0.9960},
          {q2_min: 0.9960, q2_max: 1.0191}, {q2_min: 1.0191, q2_max: 1.0424}, {q2_min: 1.0424, q2_max: 1.0661}, {q2_min: 1.0661, q2_max: 1.0899},
          {q2_min: 1.0899, q2_max: 1.1141}, {q2_min: 1.1141, q2_max: 1.1385}, {q2_min: 1.1385, q2_max: 1.1632}, {q2_min: 1.1632, q2_max: 1.1881},
          {q2_min: 1.1881, q2_max: 1.2133}, {q2_min: 1.2133, q2_max: 1.2388}, {q2_min: 1.2388, q2_max: 1.2645}, {q2_min: 1.2645, q2_max: 1.2905},
          {q2_min: 1.2905, q2_max: 1.3168}, {q2_min: 1.3168, q2_max: 1.3433}, {q2_min: 1.3433, q2_max: 1.3701}, {q2_min: 1.3701, q2_max: 1.3971},
          {q2_min: 1.3971, q2_max: 1.4244}, {q2_min: 1.4244, q2_max: 1.4520}, {q2_min: 1.4520, q2_max: 1.4799}, {q2_min: 1.4799, q2_max: 1.5080},
          {q2_min: 1.5080, q2_max: 1.5364}, {q2_min: 1.5364, q2_max: 1.5650}, {q2_min: 1.5650, q2_max: 1.5939}, {q2_min: 1.5939, q2_max: 1.6231},
          {q2_min: 1.6231, q2_max: 1.6525}, {q2_min: 1.6525, q2_max: 1.6822}, {q2_min: 1.6822, q2_max: 1.7122}, {q2_min: 1.7122, q2_max: 1.7424},
          {q2_min: 1.7424, q2_max: 1.7729}, {q2_min: 1.7729, q2_max: 1.8036}, {q2_min: 1.8036, q2_max: 1.8347}, {q2_min: 1.8347, q2_max: 1.8660},
          {q2_min: 1.8660, q2_max: 1.8975}, {q2_min: 1.8975, q2_max: 1.9293}, {q2_min: 1.9293, q2_max: 1.9614}, {q2_min: 1.9614, q2_max: 1.9937},
          {q2_min: 1.9937, q2_max: 2.0264}, {q2_min: 2.0264, q2_max: 2.0592}, {q2_min: 2.0592, q2_max: 2.0924}, {q2_min: 2.0924, q2_max: 2.1258},
          {q2_min: 2.1258, q2_max: 2.1594}, {q2_min: 2.1594, q2_max: 2.1934}, {q2_min: 2.1934, q2_max: 2.2276}, {q2_min: 2.2276, q2_max: 2.2620},
          {q2_min: 2.2620, q2_max: 2.2967}, {q2_min: 2.2967, q2_max: 2.3317}, {q2_min: 2.3317, q2_max: 2.3670}, {q2_min: 2.3670, q2_max: 2.4025},
          {q2_min: 2.4025, q2_max: 2.4383}, {q2_min: 2.4383, q2_max: 2.4743}, {q2_min: 2.4743, q2_max: 2.5106}, {q2_min: 2.5106, q2_max: 2.5472},
          {q2_min: 2.5472, q2_max: 2.5841}, {q2_min: 2.5841, q2_max: 2.6212}, {q2_min: 2.6212, q2_max: 2.6585}, {q2_min: 2.6585, q2_max: 2.6962},
          {q2_min: 2.6962, q2_max: 2.7341}, {q2_min: 2.7341, q2_max: 2.7722}, {q2_min: 2.7722, q2_max: 2.8107}, {q2_min: 2.8107, q2_max: 2.8493},
          {q2_min: 2.8493, q2_max: 2.8883}, {q2_min: 2.8883, q2_max: 2.9275}, {q2_min: 2.9275, q2_max: 2.9670}, {q2_min: 2.9670, q2_max: 3.0068},
          {q2_min: 3.0068, q2_max: 3.0468}, {q2_min: 3.0468, q2_max: 3.0870}, {q2_min: 3.0870, q2_max: 3.1276}, {q2_min: 3.1276, q2_max: 3.1684} ]
    means:
        [ 8.794e-03, 3.914e-02, 5.396e-02, 4.344e-02,
          1.438e-01, 1.328e-01, 1.337e-01, 8.705e-02,
          1.101e-01, 1.329e-01, 1.648e-01, 2.046e-01,
          2.460e-01, 2.787e-01, 3.177e-01, 3.783e-01,
          6.275e-01, 7.526e-01, 1.155e+00, 1.873e+00,
          3.284e+00, 5.457e+00, 7.358e+00, 7.127e+00,
          4.920e+00, 2.922e+00, 1.935e+00, 1.420e+00,
          1.022e+00, 7.226e-01, 5.735e-01, 4.784e-01,
          3.813e-01, 3.329e-01, 2.693e-01, 2.514e-01,
          2.198e-01, 2.088e-01, 1.919e-01, 1.392e-01,
          1.386e-01, 1.198e-01, 1.092e-01, 8.791e-02,
          7.979e-02, 7.895e-02, 6.749e-02, 7.340e-02,
          6.510e-02, 5.618e-02, 5.371e-02, 4.373e-02,
          4.447e-02, 4.519e-02, 4.206e-02, 5.171e-02,
          4.123e-02, 3.491e-02, 3.090e-02, 3.357e-02,
          3.792e-02, 3.733e-02, 3.959e-02, 3.205e-02,
          2.415e-02, 3.128e-02, 2.375e-02, 2.619e-02,
          2.409e-02, 1.588e-02, 2.049e-02, 1.156e-02,
          1.665e-02, 1.068e-02, 1.366e-02, 1.177e-02,
          1.277e-02, 9.519e-03, 8.385e-03, 1.050e-02,
          4.657e-03, 3.019e-03, 2.634e-03, 5.204e-03,
          5.295e-03, 8.591e-03, 1.370e-03, 8.205e-04,
          2.216e-03, 3.389e-03, 1.073e-03, 1.294e-03,
          9.666e-04, 4.800e-04, 7.152e-04, 4.737e-04,
          0.000e+00, 1.790e-03, 8.220e-04, 1.384e-03 ]
    covariance:
      - [6.057e-05,3.749e-07,5.167e-07,4.161e-07,1.377e-06,1.272e-06,1.280e-06,8.337e-07,1.054e-06,1.273e-06,1.578e-06,1.960e-06,2.356e-06,2.669e-06,3.043e-06,3.623e-06,6.010e-06,7.208e-06,1.107e-05,1.794e-05,3.145e-05,5.227e-05,7.047e-05,6.825e-05,4.712e-05,2.799e-05,1.853e-05,1.360e-05,9.783e-06,6.921e-06,5.492e-06,4.582e-06,3.652e-06,3.188e-06,2.580e-06,2.407e-06,2.105e-06,2.000e-06,1.838e-06,1.333e-06,1.327e-06,1.147e-06,1.046e-06,8.419e-07,7.642e-07,7.561e-07,6.464e-07,7.030e-07,6.235e-07,5.380e-07,5.144e-07,4.188e-07,4.259e-07,4.328e-07,4.028e-07,4.953e-07,3.948e-07,3.343e-07,2.960e-07,3.215e-07,3.631e-07,3.575e-07,3.792e-07,3.070e-07,2.313e-07,2.996e-07,2.275e-07,2.508e-07,2.307e-07,1.521e-07,1.963e-07,1.107e-07,1.595e-07,1.022e-07,1.308e-07,1.128e-07,1.223e-07,9.117e-08,8.030e-08,1.005e-07,4.460e-08,2.891e-08,2.523e-08,4.984e-08,5.071e-08,8.227e-08,1.312e-08,7.858e-09,2.122e-08,3.246e-08,1.028e-08,1.240e-08,9.257e-09,4.597e-09,6.850e-09,4.536e-09,0.000e+00,1.715e-08,7.872e-09,1.326e-08]
      - [3.749e-07,7.563e-04,2.300e-06,1.852e-06,6.128e-06,5.661e-06,5.699e-06,3.711e-06,4.692e-06,5.665e-06,7.025e-06,8.723e-06,1.048e-05,1.188e-05,1.354e-05,1.613e-05,2.675e-05,3.208e-05,4.925e-05,7.985e-05,1.400e-04,2.326e-04,3.136e-04,3.038e-04,2.097e-04,1.246e-04,8.250e-05,6.052e-05,4.355e-05,3.080e-05,2.445e-05,2.039e-05,1.626e-05,1.419e-05,1.148e-05,1.071e-05,9.371e-06,8.901e-06,8.181e-06,5.933e-06,5.909e-06,5.107e-06,4.655e-06,3.747e-06,3.401e-06,3.366e-06,2.877e-06,3.129e-06,2.775e-06,2.395e-06,2.289e-06,1.864e-06,1.896e-06,1.927e-06,1.793e-06,2.204e-06,1.757e-06,1.488e-06,1.317e-06,1.431e-06,1.616e-06,1.591e-06,1.688e-06,1.366e-06,1.029e-06,1.333e-06,1.012e-06,1.116e-06,1.027e-06,6.770e-07,8.736e-07,4.928e-07,7.099e-07,4.551e-07,5.823e-07,5.019e-07,5.445e-07,4.058e-07,3.574e-07,4.474e-07,1.985e-07,1.287e-07,1.123e-07,2.218e-07,2.257e-07,3.662e-07,5.842e-08,3.497e-08,9.445e-08,1.445e-07,4.574e-08,5.518e-08,4.120e-08,2.046e-08,3.049e-08,2.019e-08,0.000e+00,7.631e-08,3.504e-08,5.900e-08]
      - [5.167e-07,2.300e-06,4.119e-04,2.553e-06,8.447e-06,7.803e-06,7.856e-06,5.115e-06,6.468e-06,7.809e-06,9.684e-06,1.202e-05,1.445e-05,1.637e-05,1.867e-05,2.223e-05,3.687e-05,4.422e-05,6.789e-05,1.101e-04,1.930e-04,3.207e-04,4.323e-04,4.187e-04,2.891e-04,1.717e-04,1.137e-04,8.342e-05,6.002e-05,4.246e-05,3.370e-05,2.811e-05,2.241e-05,1.956e-05,1.583e-05,1.477e-05,1.292e-05,1.227e-05,1.128e-05,8.178e-06,8.144e-06,7.039e-06,6.416e-06,5.165e-06,4.688e-06,4.639e-06,3.966e-06,4.313e-06,3.825e-06,3.301e-06,3.156e-06,2.570e-06,2.613e-06,2.656e-06,2.471e-06,3.039e-06,2.422e-06,2.051e-06,1.816e-06,1.972e-06,2.228e-06,2.193e-06,2.326e-06,1.883e-06,1.419e-06,1.838e-06,1.396e-06,1.539e-06,1.415e-06,9.332e-07,1.204e-06,6.793e-07,9.786e-07,6.273e-07,8.026e-07,6.918e-07,7.506e-07,5.593e-07,4.927e-07,6.167e-07,2.736e-07,1.774e-07,1.548e-07,3.058e-07,3.111e-07,5.048e-07,8.052e-08,4.821e-08,1.302e-07,1.992e-07,6.305e-08,7.605e-08,5.680e-08,2.821e-08,4.203e-08,2.783e-08,0.000e+00,1.052e-07,4.830e-08,8.133e-08]
      - [4.161e-07,1.852e-06,2.553e-06,5.675e-04,6.801e-06,6.282e-06,6.325e-06,4.118e-06,5.208e-06,6.287e-06,7.797e-06,9.681e-06,1.164e-05,1.318e-05,1.503e-05,1.790e-05,2.969e-05,3.561e-05,5.466e-05,8.862e-05,1.554e-04,2.582e-04,3.481e-04,3.372e-04,2.327e-04,1.383e-04,9.156e-05,6.716e-05,4.833e-05,3.419e-05,2.713e-05,2.263e-05,1.804e-05,1.575e-05,1.274e-05,1.189e-05,1.040e-05,9.879e-06,9.079e-06,6.585e-06,6.558e-06,5.668e-06,5.166e-06,4.159e-06,3.775e-06,3.735e-06,3.193e-06,3.473e-06,3.080e-06,2.658e-06,2.541e-06,2.069e-06,2.104e-06,2.138e-06,1.990e-06,2.447e-06,1.950e-06,1.651e-06,1.462e-06,1.588e-06,1.794e-06,1.766e-06,1.873e-06,1.516e-06,1.143e-06,1.480e-06,1.124e-06,1.239e-06,1.140e-06,7.514e-07,9.696e-07,5.469e-07,7.879e-07,5.051e-07,6.463e-07,5.570e-07,6.043e-07,4.503e-07,3.967e-07,4.965e-07,2.203e-07,1.428e-07,1.246e-07,2.462e-07,2.505e-07,4.064e-07,6.483e-08,3.882e-08,1.048e-07,1.603e-07,5.076e-08,6.124e-08,4.573e-08,2.271e-08,3.384e-08,2.241e-08,0.000e+00,8.470e-08,3.889e-08,6.548e-08]
      - [1.377e-06,6.128e-06,8.447e-06,6.801e-06,1.226e-03,2.079e-05,2.093e-05,1.363e-05,1.723e-05,2.081e-05,2.580e-05,3.203e-05,3.850e-05,4.362e-05,4.973e-05,5.922e-05,9.824e-05,1.178e-04,1.809e-04,2.932e-04,5.141e-04,8.543e-04,1.152e-03,1.116e-03,7.702e-04,4.575e-04,3.030e-04,2.222e-04,1.599e-04,1.131e-04,8.977e-05,7.489e-05,5.970e-05,5.211e-05,4.217e-05,3.935e-05,3.442e-05,3.269e-05,3.004e-05,2.179e-05,2.170e-05,1.875e-05,1.709e-05,1.376e-05,1.249e-05,1.236e-05,1.057e-05,1.149e-05,1.019e-05,8.794e-06,8.408e-06,6.846e-06,6.961e-06,7.075e-06,6.584e-06,8.096e-06,6.454e-06,5.464e-06,4.838e-06,5.255e-06,5.936e-06,5.844e-06,6.198e-06,5.018e-06,3.781e-06,4.897e-06,3.718e-06,4.100e-06,3.771e-06,2.486e-06,3.208e-06,1.810e-06,2.607e-06,1.671e-06,2.138e-06,1.843e-06,2.000e-06,1.490e-06,1.313e-06,1.643e-06,7.290e-07,4.726e-07,4.123e-07,8.147e-07,8.288e-07,1.345e-06,2.145e-07,1.284e-07,3.469e-07,5.306e-07,1.680e-07,2.026e-07,1.513e-07,7.515e-08,1.120e-07,7.415e-08,0.000e+00,2.803e-07,1.287e-07,2.167e-07]
      - [1.272e-06,5.661e-06,7.803e-06,6.282e-06,2.079e-05,6.323e-04,1.933e-05,1.259e-05,1.592e-05,1.922e-05,2.383e-05,2.959e-05,3.557e-05,4.030e-05,4.594e-05,5.471e-05,9.075e-05,1.088e-04,1.671e-04,2.709e-04,4.749e-04,7.892e-04,1.064e-03,1.031e-03,7.115e-04,4.226e-04,2.799e-04,2.053e-04,1.477e-04,1.045e-04,8.293e-05,6.919e-05,5.515e-05,4.814e-05,3.895e-05,3.635e-05,3.179e-05,3.020e-05,2.775e-05,2.013e-05,2.004e-05,1.733e-05,1.579e-05,1.271e-05,1.154e-05,1.142e-05,9.760e-06,1.061e-05,9.415e-06,8.124e-06,7.767e-06,6.325e-06,6.431e-06,6.536e-06,6.082e-06,7.478e-06,5.962e-06,5.048e-06,4.469e-06,4.854e-06,5.483e-06,5.398e-06,5.725e-06,4.635e-06,3.492e-06,4.524e-06,3.435e-06,3.787e-06,3.484e-06,2.297e-06,2.964e-06,1.672e-06,2.408e-06,1.544e-06,1.975e-06,1.703e-06,1.847e-06,1.377e-06,1.213e-06,1.518e-06,6.734e-07,4.366e-07,3.809e-07,7.526e-07,7.657e-07,1.242e-06,1.982e-07,1.187e-07,3.204e-07,4.901e-07,1.552e-07,1.872e-07,1.398e-07,6.942e-08,1.034e-07,6.850e-08,0.000e+00,2.589e-07,1.189e-07,2.002e-07]
      - [1.280e-06,5.699e-06,7.856e-06,6.325e-06,2.093e-05,1.933e-05,7.190e-04,1.267e-05,1.603e-05,1.935e-05,2.399e-05,2.979e-05,3.581e-05,4.057e-05,4.625e-05,5.508e-05,9.137e-05,1.096e-04,1.682e-04,2.727e-04,4.782e-04,7.945e-04,1.071e-03,1.038e-03,7.163e-04,4.255e-04,2.818e-04,2.067e-04,1.487e-04,1.052e-04,8.349e-05,6.965e-05,5.552e-05,4.846e-05,3.922e-05,3.660e-05,3.201e-05,3.040e-05,2.794e-05,2.026e-05,2.018e-05,1.744e-05,1.590e-05,1.280e-05,1.162e-05,1.149e-05,9.826e-06,1.069e-05,9.478e-06,8.179e-06,7.820e-06,6.367e-06,6.474e-06,6.580e-06,6.123e-06,7.529e-06,6.002e-06,5.082e-06,4.499e-06,4.887e-06,5.521e-06,5.435e-06,5.764e-06,4.666e-06,3.516e-06,4.554e-06,3.458e-06,3.813e-06,3.507e-06,2.312e-06,2.984e-06,1.683e-06,2.425e-06,1.554e-06,1.989e-06,1.714e-06,1.860e-06,1.386e-06,1.221e-06,1.528e-06,6.780e-07,4.395e-07,3.835e-07,7.577e-07,7.709e-07,1.251e-06,1.995e-07,1.195e-07,3.226e-07,4.935e-07,1.562e-07,1.885e-07,1.407e-07,6.989e-08,1.041e-07,6.896e-08,0.000e+00,2.607e-07,1.197e-07,2.015e-07]
      - [8.337e-07,3.711e-06,5.115e-06,4.118e-06,1.363e-05,1.259e-05,1.267e-05,4.983e-04,1.044e-05,1.260e-05,1.562e-05,1.940e-05,2.332e-05,2.642e-05,3.012e-05,3.586e-05,5.949e-05,7.135e-05,1.095e-04,1.776e-04,3.114e-04,5.174e-04,6.975e-04,6.756e-04,4.664e-04,2.770e-04,1.835e-04,1.346e-04,9.684e-05,6.851e-05,5.437e-05,4.536e-05,3.615e-05,3.156e-05,2.553e-05,2.383e-05,2.084e-05,1.980e-05,1.819e-05,1.320e-05,1.314e-05,1.136e-05,1.035e-05,8.334e-06,7.564e-06,7.485e-06,6.398e-06,6.959e-06,6.172e-06,5.326e-06,5.092e-06,4.146e-06,4.216e-06,4.285e-06,3.987e-06,4.903e-06,3.908e-06,3.309e-06,2.930e-06,3.182e-06,3.595e-06,3.539e-06,3.753e-06,3.039e-06,2.290e-06,2.966e-06,2.252e-06,2.483e-06,2.284e-06,1.506e-06,1.943e-06,1.096e-06,1.579e-06,1.012e-06,1.295e-06,1.116e-06,1.211e-06,9.024e-07,7.949e-07,9.950e-07,4.415e-07,2.862e-07,2.497e-07,4.934e-07,5.019e-07,8.144e-07,1.299e-07,7.778e-08,2.101e-07,3.213e-07,1.017e-07,1.227e-07,9.164e-08,4.551e-08,6.781e-08,4.490e-08,0.000e+00,1.697e-07,7.792e-08,1.312e-07]
      - [1.054e-06,4.692e-06,6.468e-06,5.208e-06,1.723e-05,1.592e-05,1.603e-05,1.044e-05,7.958e-04,1.593e-05,1.976e-05,2.453e-05,2.948e-05,3.341e-05,3.808e-05,4.535e-05,7.523e-05,9.022e-05,1.385e-04,2.245e-04,3.937e-04,6.542e-04,8.820e-04,8.543e-04,5.897e-04,3.503e-04,2.320e-04,1.702e-04,1.225e-04,8.662e-05,6.874e-05,5.735e-05,4.571e-05,3.990e-05,3.229e-05,3.013e-05,2.635e-05,2.503e-05,2.301e-05,1.669e-05,1.662e-05,1.436e-05,1.309e-05,1.054e-05,9.565e-06,9.464e-06,8.090e-06,8.799e-06,7.804e-06,6.734e-06,6.438e-06,5.243e-06,5.330e-06,5.418e-06,5.042e-06,6.199e-06,4.942e-06,4.184e-06,3.704e-06,4.024e-06,4.545e-06,4.475e-06,4.746e-06,3.842e-06,2.895e-06,3.750e-06,2.847e-06,3.139e-06,2.888e-06,1.904e-06,2.457e-06,1.386e-06,1.996e-06,1.280e-06,1.637e-06,1.411e-06,1.531e-06,1.141e-06,1.005e-06,1.258e-06,5.582e-07,3.619e-07,3.157e-07,6.238e-07,6.347e-07,1.030e-06,1.643e-07,9.835e-08,2.656e-07,4.063e-07,1.286e-07,1.552e-07,1.159e-07,5.754e-08,8.574e-08,5.678e-08,0.000e+00,2.146e-07,9.853e-08,1.659e-07]
      - [1.273e-06,5.665e-06,7.809e-06,6.287e-06,2.081e-05,1.922e-05,1.935e-05,1.260e-05,1.593e-05,7.103e-04,2.385e-05,2.962e-05,3.560e-05,4.033e-05,4.598e-05,5.475e-05,9.082e-05,1.089e-04,1.672e-04,2.711e-04,4.753e-04,7.898e-04,1.065e-03,1.031e-03,7.120e-04,4.229e-04,2.801e-04,2.055e-04,1.478e-04,1.046e-04,8.300e-05,6.924e-05,5.519e-05,4.818e-05,3.898e-05,3.638e-05,3.182e-05,3.022e-05,2.778e-05,2.014e-05,2.006e-05,1.734e-05,1.580e-05,1.272e-05,1.155e-05,1.143e-05,9.768e-06,1.062e-05,9.422e-06,8.131e-06,7.773e-06,6.330e-06,6.436e-06,6.541e-06,6.087e-06,7.485e-06,5.967e-06,5.052e-06,4.473e-06,4.858e-06,5.488e-06,5.403e-06,5.730e-06,4.639e-06,3.495e-06,4.527e-06,3.438e-06,3.790e-06,3.486e-06,2.299e-06,2.966e-06,1.673e-06,2.410e-06,1.545e-06,1.977e-06,1.704e-06,1.849e-06,1.378e-06,1.214e-06,1.519e-06,6.740e-07,4.369e-07,3.812e-07,7.532e-07,7.663e-07,1.243e-06,1.983e-07,1.187e-07,3.207e-07,4.905e-07,1.553e-07,1.873e-07,1.399e-07,6.948e-08,1.035e-07,6.855e-08,0.000e+00,2.591e-07,1.190e-07,2.003e-07]
      - [1.578e-06,7.025e-06,9.684e-06,7.797e-06,2.580e-05,2.383e-05,2.399e-05,1.562e-05,1.976e-05,2.385e-05,9.730e-04,3.673e-05,4.414e-05,5.002e-05,5.702e-05,6.790e-05,1.126e-04,1.351e-04,2.074e-04,3.362e-04,5.895e-04,9.795e-04,1.321e-03,1.279e-03,8.830e-04,5.245e-04,3.474e-04,2.548e-04,1.833e-04,1.297e-04,1.029e-04,8.587e-05,6.844e-05,5.974e-05,4.834e-05,4.511e-05,3.946e-05,3.748e-05,3.444e-05,2.498e-05,2.488e-05,2.150e-05,1.960e-05,1.578e-05,1.432e-05,1.417e-05,1.211e-05,1.317e-05,1.168e-05,1.008e-05,9.640e-06,7.849e-06,7.981e-06,8.111e-06,7.549e-06,9.281e-06,7.399e-06,6.265e-06,5.546e-06,6.024e-06,6.805e-06,6.700e-06,7.106e-06,5.753e-06,4.334e-06,5.614e-06,4.263e-06,4.700e-06,4.323e-06,2.851e-06,3.678e-06,2.075e-06,2.989e-06,1.916e-06,2.452e-06,2.113e-06,2.293e-06,1.708e-06,1.505e-06,1.884e-06,8.358e-07,5.418e-07,4.727e-07,9.340e-07,9.503e-07,1.542e-06,2.460e-07,1.473e-07,3.977e-07,6.083e-07,1.926e-07,2.323e-07,1.735e-07,8.616e-08,1.284e-07,8.501e-08,0.000e+00,3.213e-07,1.475e-07,2.484e-07]
      - [1.960e-06,8.723e-06,1.202e-05,9.681e-06,3.203e-05,2.959e-05,2.979e-05,1.940e-05,2.453e-05,2.962e-05,3.673e-05,9.543e-04,5.481e-05,6.210e-05,7.080e-05,8.431e-05,1.398e-04,1.677e-04,2.575e-04,4.174e-04,7.319e-04,1.216e-03,1.640e-03,1.588e-03,1.096e-03,6.512e-04,4.313e-04,3.164e-04,2.276e-04,1.610e-04,1.278e-04,1.066e-04,8.498e-05,7.418e-05,6.002e-05,5.601e-05,4.899e-05,4.654e-05,4.277e-05,3.102e-05,3.089e-05,2.670e-05,2.433e-05,1.959e-05,1.778e-05,1.759e-05,1.504e-05,1.636e-05,1.451e-05,1.252e-05,1.197e-05,9.746e-06,9.910e-06,1.007e-05,9.373e-06,1.152e-05,9.187e-06,7.779e-06,6.887e-06,7.480e-06,8.450e-06,8.319e-06,8.823e-06,7.143e-06,5.382e-06,6.971e-06,5.293e-06,5.836e-06,5.368e-06,3.539e-06,4.567e-06,2.576e-06,3.711e-06,2.379e-06,3.044e-06,2.624e-06,2.847e-06,2.121e-06,1.869e-06,2.339e-06,1.038e-06,6.728e-07,5.870e-07,1.160e-06,1.180e-06,1.914e-06,3.054e-07,1.828e-07,4.938e-07,7.553e-07,2.391e-07,2.884e-07,2.154e-07,1.070e-07,1.594e-07,1.056e-07,0.000e+00,3.990e-07,1.832e-07,3.085e-07]
      - [2.356e-06,1.048e-05,1.445e-05,1.164e-05,3.850e-05,3.557e-05,3.581e-05,2.332e-05,2.948e-05,3.560e-05,4.414e-05,5.481e-05,8.788e-04,7.464e-05,8.509e-05,1.013e-04,1.681e-04,2.016e-04,3.095e-04,5.017e-04,8.797e-04,1.462e-03,1.971e-03,1.909e-03,1.318e-03,7.827e-04,5.184e-04,3.802e-04,2.736e-04,1.936e-04,1.536e-04,1.281e-04,1.021e-04,8.916e-05,7.214e-05,6.732e-05,5.888e-05,5.593e-05,5.140e-05,3.728e-05,3.713e-05,3.209e-05,2.925e-05,2.355e-05,2.137e-05,2.115e-05,1.808e-05,1.966e-05,1.744e-05,1.505e-05,1.439e-05,1.171e-05,1.191e-05,1.211e-05,1.127e-05,1.385e-05,1.104e-05,9.349e-06,8.277e-06,8.990e-06,1.016e-05,9.998e-06,1.060e-05,8.585e-06,6.469e-06,8.379e-06,6.362e-06,7.015e-06,6.452e-06,4.254e-06,5.489e-06,3.097e-06,4.461e-06,2.860e-06,3.659e-06,3.154e-06,3.422e-06,2.550e-06,2.246e-06,2.811e-06,1.247e-06,8.086e-07,7.055e-07,1.394e-06,1.418e-06,2.301e-06,3.671e-07,2.198e-07,5.935e-07,9.078e-07,2.874e-07,3.467e-07,2.589e-07,1.286e-07,1.916e-07,1.269e-07,0.000e+00,4.795e-07,2.202e-07,3.707e-07]
      - [2.669e-06,1.188e-05,1.637e-05,1.318e-05,4.362e-05,4.030e-05,4.057e-05,2.642e-05,3.341e-05,4.033e-05,5.002e-05,6.210e-05,7.464e-05,9.897e-04,9.641e-05,1.148e-04,1.904e-04,2.284e-04,3.506e-04,5.685e-04,9.967e-04,1.656e-03,2.233e-03,2.163e-03,1.493e-03,8.868e-04,5.873e-04,4.308e-04,3.100e-04,2.193e-04,1.740e-04,1.452e-04,1.157e-04,1.010e-04,8.174e-05,7.628e-05,6.672e-05,6.337e-05,5.824e-05,4.224e-05,4.206e-05,3.636e-05,3.314e-05,2.668e-05,2.421e-05,2.396e-05,2.048e-05,2.228e-05,1.976e-05,1.705e-05,1.630e-05,1.327e-05,1.349e-05,1.372e-05,1.276e-05,1.569e-05,1.251e-05,1.059e-05,9.378e-06,1.019e-05,1.151e-05,1.133e-05,1.201e-05,9.727e-06,7.329e-06,9.493e-06,7.208e-06,7.948e-06,7.310e-06,4.820e-06,6.219e-06,3.508e-06,5.054e-06,3.240e-06,4.146e-06,3.573e-06,3.877e-06,2.889e-06,2.545e-06,3.185e-06,1.413e-06,9.162e-07,7.994e-07,1.579e-06,1.607e-06,2.607e-06,4.159e-07,2.490e-07,6.724e-07,1.029e-06,3.256e-07,3.928e-07,2.933e-07,1.457e-07,2.171e-07,1.437e-07,0.000e+00,5.433e-07,2.494e-07,4.200e-07]
      - [3.043e-06,1.354e-05,1.867e-05,1.503e-05,4.973e-05,4.594e-05,4.625e-05,3.012e-05,3.808e-05,4.598e-05,5.702e-05,7.080e-05,8.509e-05,9.641e-05,1.049e-03,1.309e-04,2.171e-04,2.604e-04,3.997e-04,6.480e-04,1.136e-03,1.888e-03,2.546e-03,2.466e-03,1.702e-03,1.011e-03,6.696e-04,4.911e-04,3.534e-04,2.500e-04,1.984e-04,1.655e-04,1.319e-04,1.152e-04,9.318e-05,8.696e-05,7.606e-05,7.224e-05,6.640e-05,4.815e-05,4.795e-05,4.145e-05,3.778e-05,3.041e-05,2.760e-05,2.731e-05,2.335e-05,2.539e-05,2.252e-05,1.944e-05,1.858e-05,1.513e-05,1.538e-05,1.564e-05,1.455e-05,1.789e-05,1.426e-05,1.208e-05,1.069e-05,1.161e-05,1.312e-05,1.291e-05,1.370e-05,1.109e-05,8.355e-06,1.082e-05,8.217e-06,9.060e-06,8.334e-06,5.495e-06,7.090e-06,4.000e-06,5.762e-06,3.693e-06,4.726e-06,4.073e-06,4.419e-06,3.293e-06,2.901e-06,3.631e-06,1.611e-06,1.044e-06,9.113e-07,1.800e-06,1.832e-06,2.972e-06,4.741e-07,2.839e-07,7.666e-07,1.173e-06,3.712e-07,4.478e-07,3.344e-07,1.661e-07,2.474e-07,1.639e-07,0.000e+00,6.194e-07,2.844e-07,4.789e-07]
      - [3.623e-06,1.613e-05,2.223e-05,1.790e-05,5.922e-05,5.471e-05,5.508e-05,3.586e-05,4.535e-05,5.475e-05,6.790e-05,8.431e-05,1.013e-04,1.148e-04,1.309e-04,1.171e-03,2.585e-04,3.101e-04,4.760e-04,7.717e-04,1.353e-03,2.248e-03,3.031e-03,2.936e-03,2.027e-03,1.204e-03,7.973e-04,5.849e-04,4.209e-04,2.977e-04,2.363e-04,1.971e-04,1.571e-04,1.371e-04,1.110e-04,1.036e-04,9.057e-05,8.603e-05,7.907e-05,5.734e-05,5.710e-05,4.936e-05,4.499e-05,3.622e-05,3.287e-05,3.253e-05,2.780e-05,3.024e-05,2.682e-05,2.314e-05,2.213e-05,1.802e-05,1.832e-05,1.862e-05,1.733e-05,2.131e-05,1.698e-05,1.438e-05,1.273e-05,1.383e-05,1.562e-05,1.538e-05,1.631e-05,1.320e-05,9.950e-06,1.289e-05,9.786e-06,1.079e-05,9.924e-06,6.543e-06,8.443e-06,4.763e-06,6.861e-06,4.398e-06,5.628e-06,4.851e-06,5.263e-06,3.922e-06,3.454e-06,4.324e-06,1.918e-06,1.244e-06,1.085e-06,2.144e-06,2.181e-06,3.539e-06,5.646e-07,3.380e-07,9.128e-07,1.396e-06,4.421e-07,5.333e-07,3.982e-07,1.978e-07,2.947e-07,1.951e-07,0.000e+00,7.376e-07,3.386e-07,5.702e-07]
      - [6.010e-06,2.675e-05,3.687e-05,2.969e-05,9.824e-05,9.075e-05,9.137e-05,5.949e-05,7.523e-05,9.082e-05,1.126e-04,1.398e-04,1.681e-04,1.904e-04,2.171e-04,2.585e-04,1.695e-03,5.143e-04,7.896e-04,1.280e-03,2.244e-03,3.730e-03,5.028e-03,4.870e-03,3.362e-03,1.997e-03,1.323e-03,9.702e-04,6.981e-04,4.938e-04,3.919e-04,3.270e-04,2.606e-04,2.275e-04,1.841e-04,1.718e-04,1.502e-04,1.427e-04,1.312e-04,9.512e-05,9.473e-05,8.187e-05,7.463e-05,6.008e-05,5.453e-05,5.396e-05,4.612e-05,5.016e-05,4.449e-05,3.839e-05,3.671e-05,2.989e-05,3.039e-05,3.089e-05,2.874e-05,3.534e-05,2.817e-05,2.385e-05,2.112e-05,2.294e-05,2.591e-05,2.551e-05,2.706e-05,2.190e-05,1.650e-05,2.138e-05,1.623e-05,1.790e-05,1.646e-05,1.085e-05,1.401e-05,7.901e-06,1.138e-05,7.296e-06,9.335e-06,8.046e-06,8.730e-06,6.505e-06,5.730e-06,7.173e-06,3.182e-06,2.063e-06,1.800e-06,3.557e-06,3.618e-06,5.871e-06,9.365e-07,5.607e-07,1.514e-06,2.316e-06,7.333e-07,8.846e-07,6.606e-07,3.281e-07,4.888e-07,3.237e-07,0.000e+00,1.223e-06,5.617e-07,9.459e-07]
      - [7.208e-06,3.208e-05,4.422e-05,3.561e-05,1.178e-04,1.088e-04,1.096e-04,7.135e-05,9.022e-05,1.089e-04,1.351e-04,1.677e-04,2.016e-04,2.284e-04,2.604e-04,3.101e-04,5.143e-04,2.103e-03,9.470e-04,1.535e-03,2.692e-03,4.473e-03,6.031e-03,5.841e-03,4.032e-03,2.395e-03,1.586e-03,1.164e-03,8.373e-04,5.923e-04,4.700e-04,3.921e-04,3.126e-04,2.728e-04,2.208e-04,2.060e-04,1.802e-04,1.712e-04,1.573e-04,1.141e-04,1.136e-04,9.819e-05,8.950e-05,7.205e-05,6.540e-05,6.471e-05,5.532e-05,6.016e-05,5.336e-05,4.604e-05,4.402e-05,3.585e-05,3.645e-05,3.704e-05,3.447e-05,4.239e-05,3.379e-05,2.861e-05,2.533e-05,2.751e-05,3.108e-05,3.060e-05,3.245e-05,2.627e-05,1.979e-05,2.564e-05,1.947e-05,2.147e-05,1.974e-05,1.302e-05,1.680e-05,9.476e-06,1.365e-05,8.750e-06,1.120e-05,9.650e-06,1.047e-05,7.802e-06,6.872e-06,8.603e-06,3.817e-06,2.474e-06,2.159e-06,4.265e-06,4.340e-06,7.041e-06,1.123e-06,6.725e-07,1.816e-06,2.778e-06,8.795e-07,1.061e-06,7.923e-07,3.935e-07,5.862e-07,3.882e-07,0.000e+00,1.467e-06,6.737e-07,1.134e-06]
      - [1.107e-05,4.925e-05,6.789e-05,5.466e-05,1.809e-04,1.671e-04,1.682e-04,1.095e-04,1.385e-04,1.672e-04,2.074e-04,2.575e-04,3.095e-04,3.506e-04,3.997e-04,4.760e-04,7.896e-04,9.470e-04,3.405e-03,2.357e-03,4.132e-03,6.867e-03,9.258e-03,8.967e-03,6.190e-03,3.677e-03,2.435e-03,1.786e-03,1.285e-03,9.092e-04,7.215e-04,6.020e-04,4.798e-04,4.188e-04,3.389e-04,3.163e-04,2.766e-04,2.627e-04,2.415e-04,1.751e-04,1.744e-04,1.507e-04,1.374e-04,1.106e-04,1.004e-04,9.934e-05,8.492e-05,9.235e-05,8.191e-05,7.068e-05,6.758e-05,5.503e-05,5.595e-05,5.686e-05,5.292e-05,6.507e-05,5.187e-05,4.392e-05,3.888e-05,4.223e-05,4.771e-05,4.697e-05,4.981e-05,4.033e-05,3.039e-05,3.936e-05,2.989e-05,3.295e-05,3.031e-05,1.998e-05,2.579e-05,1.455e-05,2.095e-05,1.343e-05,1.719e-05,1.481e-05,1.607e-05,1.198e-05,1.055e-05,1.321e-05,5.859e-06,3.799e-06,3.314e-06,6.548e-06,6.662e-06,1.081e-05,1.724e-06,1.032e-06,2.788e-06,4.265e-06,1.350e-06,1.629e-06,1.216e-06,6.040e-07,8.999e-07,5.960e-07,0.000e+00,2.253e-06,1.034e-06,1.742e-06]
      - [1.794e-05,7.985e-05,1.101e-04,8.862e-05,2.932e-04,2.709e-04,2.727e-04,1.776e-04,2.245e-04,2.711e-04,3.362e-04,4.174e-04,5.017e-04,5.685e-04,6.480e-04,7.717e-04,1.280e-03,1.535e-03,2.357e-03,6.567e-03,6.700e-03,1.113e-02,1.501e-02,1.454e-02,1.004e-02,5.961e-03,3.948e-03,2.896e-03,2.084e-03,1.474e-03,1.170e-03,9.759e-04,7.779e-04,6.790e-04,5.494e-04,5.127e-04,4.485e-04,4.260e-04,3.915e-04,2.839e-04,2.827e-04,2.444e-04,2.228e-04,1.793e-04,1.628e-04,1.611e-04,1.377e-04,1.497e-04,1.328e-04,1.146e-04,1.096e-04,8.921e-05,9.071e-05,9.219e-05,8.579e-05,1.055e-04,8.410e-05,7.120e-05,6.304e-05,6.847e-05,7.735e-05,7.615e-05,8.076e-05,6.538e-05,4.926e-05,6.381e-05,4.845e-05,5.342e-05,4.914e-05,3.240e-05,4.181e-05,2.358e-05,3.397e-05,2.178e-05,2.787e-05,2.402e-05,2.606e-05,1.942e-05,1.710e-05,2.141e-05,9.499e-06,6.158e-06,5.373e-06,1.062e-05,1.080e-05,1.752e-05,2.795e-06,1.674e-06,4.520e-06,6.914e-06,2.189e-06,2.640e-06,1.972e-06,9.792e-07,1.459e-06,9.662e-07,0.000e+00,3.652e-06,1.677e-06,2.823e-06]
      - [3.145e-05,1.400e-04,1.930e-04,1.554e-04,5.141e-04,4.749e-04,4.782e-04,3.114e-04,3.937e-04,4.753e-04,5.895e-04,7.319e-04,8.797e-04,9.967e-04,1.136e-03,1.353e-03,2.244e-03,2.692e-03,4.132e-03,6.700e-03,1.621e-02,1.952e-02,2.632e-02,2.549e-02,1.760e-02,1.045e-02,6.922e-03,5.077e-03,3.654e-03,2.585e-03,2.051e-03,1.711e-03,1.364e-03,1.191e-03,9.634e-04,8.990e-04,7.863e-04,7.469e-04,6.864e-04,4.978e-04,4.958e-04,4.285e-04,3.906e-04,3.144e-04,2.854e-04,2.824e-04,2.414e-04,2.625e-04,2.328e-04,2.009e-04,1.921e-04,1.564e-04,1.590e-04,1.616e-04,1.504e-04,1.850e-04,1.474e-04,1.248e-04,1.105e-04,1.201e-04,1.356e-04,1.335e-04,1.416e-04,1.146e-04,8.638e-05,1.119e-04,8.495e-05,9.367e-05,8.616e-05,5.680e-05,7.330e-05,4.135e-05,5.957e-05,3.818e-05,4.886e-05,4.211e-05,4.569e-05,3.405e-05,2.999e-05,3.754e-05,1.665e-05,1.080e-05,9.421e-06,1.861e-05,1.894e-05,3.073e-05,4.901e-06,2.934e-06,7.925e-06,1.212e-05,3.838e-06,4.629e-06,3.457e-06,1.717e-06,2.558e-06,1.694e-06,0.000e+00,6.403e-06,2.940e-06,4.950e-06]
      - [5.227e-05,2.326e-04,3.207e-04,2.582e-04,8.543e-04,7.892e-04,7.945e-04,5.174e-04,6.542e-04,7.898e-04,9.795e-04,1.216e-03,1.462e-03,1.656e-03,1.888e-03,2.248e-03,3.730e-03,4.473e-03,6.867e-03,1.113e-02,1.952e-02,3.965e-02,4.373e-02,4.235e-02,2.924e-02,1.737e-02,1.150e-02,8.437e-03,6.071e-03,4.295e-03,3.408e-03,2.843e-03,2.266e-03,1.978e-03,1.601e-03,1.494e-03,1.307e-03,1.241e-03,1.141e-03,8.272e-04,8.238e-04,7.120e-04,6.490e-04,5.225e-04,4.742e-04,4.692e-04,4.011e-04,4.362e-04,3.869e-04,3.339e-04,3.192e-04,2.599e-04,2.643e-04,2.686e-04,2.500e-04,3.073e-04,2.450e-04,2.074e-04,1.837e-04,1.995e-04,2.253e-04,2.218e-04,2.353e-04,1.905e-04,1.435e-04,1.859e-04,1.412e-04,1.556e-04,1.432e-04,9.439e-05,1.218e-04,6.871e-05,9.898e-05,6.345e-05,8.118e-05,6.997e-05,7.592e-05,5.657e-05,4.983e-05,6.238e-05,2.767e-05,1.794e-05,1.565e-05,3.093e-05,3.147e-05,5.105e-05,8.144e-06,4.876e-06,1.317e-05,2.014e-05,6.377e-06,7.693e-06,5.745e-06,2.853e-06,4.251e-06,2.815e-06,0.000e+00,1.064e-05,4.885e-06,8.226e-06]
      - [7.047e-05,3.136e-04,4.323e-04,3.481e-04,1.152e-03,1.064e-03,1.071e-03,6.975e-04,8.820e-04,1.065e-03,1.321e-03,1.640e-03,1.971e-03,2.233e-03,2.546e-03,3.031e-03,5.028e-03,6.031e-03,9.258e-03,1.501e-02,2.632e-02,4.373e-02,6.878e-02,5.710e-02,3.942e-02,2.342e-02,1.551e-02,1.138e-02,8.185e-03,5.790e-03,4.595e-03,3.833e-03,3.056e-03,2.667e-03,2.158e-03,2.014e-03,1.762e-03,1.673e-03,1.538e-03,1.115e-03,1.111e-03,9.600e-04,8.750e-04,7.044e-04,6.393e-04,6.326e-04,5.408e-04,5.881e-04,5.216e-04,4.501e-04,4.304e-04,3.504e-04,3.563e-04,3.621e-04,3.370e-04,4.144e-04,3.303e-04,2.797e-04,2.476e-04,2.690e-04,3.038e-04,2.991e-04,3.172e-04,2.568e-04,1.935e-04,2.507e-04,1.903e-04,2.098e-04,1.930e-04,1.273e-04,1.642e-04,9.263e-05,1.334e-04,8.554e-05,1.095e-04,9.434e-05,1.024e-04,7.627e-05,6.719e-05,8.410e-05,3.731e-05,2.419e-05,2.111e-05,4.170e-05,4.242e-05,6.883e-05,1.098e-05,6.574e-06,1.775e-05,2.716e-05,8.598e-06,1.037e-05,7.745e-06,3.846e-06,5.731e-06,3.795e-06,0.000e+00,1.434e-05,6.586e-06,1.109e-05]
      - [6.825e-05,3.038e-04,4.187e-04,3.372e-04,1.116e-03,1.031e-03,1.038e-03,6.756e-04,8.543e-04,1.031e-03,1.279e-03,1.588e-03,1.909e-03,2.163e-03,2.466e-03,2.936e-03,4.870e-03,5.841e-03,8.967e-03,1.454e-02,2.549e-02,4.235e-02,5.710e-02,6.483e-02,3.818e-02,2.268e-02,1.502e-02,1.102e-02,7.928e-03,5.608e-03,4.451e-03,3.713e-03,2.960e-03,2.583e-03,2.090e-03,1.951e-03,1.706e-03,1.621e-03,1.489e-03,1.080e-03,1.076e-03,9.298e-04,8.475e-04,6.823e-04,6.192e-04,6.127e-04,5.238e-04,5.697e-04,5.052e-04,4.360e-04,4.168e-04,3.394e-04,3.451e-04,3.507e-04,3.264e-04,4.013e-04,3.199e-04,2.709e-04,2.398e-04,2.605e-04,2.943e-04,2.897e-04,3.073e-04,2.487e-04,1.874e-04,2.428e-04,1.843e-04,2.033e-04,1.869e-04,1.233e-04,1.591e-04,8.972e-05,1.293e-04,8.286e-05,1.060e-04,9.138e-05,9.914e-05,7.388e-05,6.507e-05,8.146e-05,3.614e-05,2.343e-05,2.044e-05,4.039e-05,4.109e-05,6.667e-05,1.064e-05,6.368e-06,1.720e-05,2.630e-05,8.327e-06,1.005e-05,7.502e-06,3.726e-06,5.551e-06,3.676e-06,0.000e+00,1.389e-05,6.379e-06,1.074e-05]
      - [4.712e-05,2.097e-04,2.891e-04,2.327e-04,7.702e-04,7.115e-04,7.163e-04,4.664e-04,5.897e-04,7.120e-04,8.830e-04,1.096e-03,1.318e-03,1.493e-03,1.702e-03,2.027e-03,3.362e-03,4.032e-03,6.190e-03,1.004e-02,1.760e-02,2.924e-02,3.942e-02,3.818e-02,3.268e-02,1.566e-02,1.037e-02,7.606e-03,5.473e-03,3.872e-03,3.072e-03,2.563e-03,2.043e-03,1.783e-03,1.443e-03,1.347e-03,1.178e-03,1.119e-03,1.028e-03,7.457e-04,7.426e-04,6.419e-04,5.851e-04,4.710e-04,4.275e-04,4.230e-04,3.616e-04,3.933e-04,3.488e-04,3.010e-04,2.878e-04,2.343e-04,2.382e-04,2.421e-04,2.253e-04,2.771e-04,2.209e-04,1.870e-04,1.656e-04,1.798e-04,2.032e-04,2.000e-04,2.121e-04,1.717e-04,1.294e-04,1.676e-04,1.273e-04,1.403e-04,1.291e-04,8.509e-05,1.098e-04,6.194e-05,8.923e-05,5.720e-05,7.319e-05,6.308e-05,6.844e-05,5.100e-05,4.492e-05,5.623e-05,2.495e-05,1.617e-05,1.411e-05,2.788e-05,2.837e-05,4.603e-05,7.342e-06,4.396e-06,1.187e-05,1.816e-05,5.749e-06,6.935e-06,5.179e-06,2.572e-06,3.832e-06,2.538e-06,0.000e+00,9.592e-06,4.404e-06,7.416e-06]
      - [2.799e-05,1.246e-04,1.717e-04,1.383e-04,4.575e-04,4.226e-04,4.255e-04,2.770e-04,3.503e-04,4.229e-04,5.245e-04,6.512e-04,7.827e-04,8.868e-04,1.011e-03,1.204e-03,1.997e-03,2.395e-03,3.677e-03,5.961e-03,1.045e-02,1.737e-02,2.342e-02,2.268e-02,1.566e-02,1.296e-02,6.159e-03,4.518e-03,3.251e-03,2.300e-03,1.825e-03,1.523e-03,1.214e-03,1.059e-03,8.572e-04,7.999e-04,6.996e-04,6.646e-04,6.108e-04,4.430e-04,4.411e-04,3.813e-04,3.475e-04,2.798e-04,2.539e-04,2.513e-04,2.148e-04,2.336e-04,2.072e-04,1.788e-04,1.709e-04,1.392e-04,1.415e-04,1.438e-04,1.338e-04,1.646e-04,1.312e-04,1.111e-04,9.835e-05,1.068e-04,1.207e-04,1.188e-04,1.260e-04,1.020e-04,7.686e-05,9.955e-05,7.559e-05,8.334e-05,7.666e-05,5.054e-05,6.522e-05,3.679e-05,5.300e-05,3.398e-05,4.347e-05,3.747e-05,4.065e-05,3.029e-05,2.668e-05,3.340e-05,1.482e-05,9.608e-06,8.383e-06,1.656e-05,1.685e-05,2.734e-05,4.361e-06,2.611e-06,7.051e-06,1.079e-05,3.415e-06,4.119e-06,3.076e-06,1.528e-06,2.276e-06,1.507e-06,0.000e+00,5.697e-06,2.616e-06,4.405e-06]
      - [1.853e-05,8.250e-05,1.137e-04,9.156e-05,3.030e-04,2.799e-04,2.818e-04,1.835e-04,2.320e-04,2.801e-04,3.474e-04,4.313e-04,5.184e-04,5.873e-04,6.696e-04,7.973e-04,1.323e-03,1.586e-03,2.435e-03,3.948e-03,6.922e-03,1.150e-02,1.551e-02,1.502e-02,1.037e-02,6.159e-03,6.472e-03,2.992e-03,2.153e-03,1.523e-03,1.209e-03,1.008e-03,8.037e-04,7.015e-04,5.677e-04,5.298e-04,4.633e-04,4.401e-04,4.045e-04,2.934e-04,2.921e-04,2.525e-04,2.301e-04,1.853e-04,1.682e-04,1.664e-04,1.422e-04,1.547e-04,1.372e-04,1.184e-04,1.132e-04,9.217e-05,9.372e-05,9.525e-05,8.864e-05,1.090e-04,8.689e-05,7.357e-05,6.513e-05,7.074e-05,7.992e-05,7.867e-05,8.344e-05,6.755e-05,5.090e-05,6.593e-05,5.006e-05,5.520e-05,5.077e-05,3.347e-05,4.319e-05,2.437e-05,3.510e-05,2.250e-05,2.879e-05,2.482e-05,2.692e-05,2.006e-05,1.767e-05,2.212e-05,9.814e-06,6.363e-06,5.551e-06,1.097e-05,1.116e-05,1.811e-05,2.888e-06,1.729e-06,4.670e-06,7.143e-06,2.261e-06,2.728e-06,2.037e-06,1.012e-06,1.507e-06,9.983e-07,0.000e+00,3.773e-06,1.732e-06,2.917e-06]
      - [1.360e-05,6.052e-05,8.342e-05,6.716e-05,2.222e-04,2.053e-04,2.067e-04,1.346e-04,1.702e-04,2.055e-04,2.548e-04,3.164e-04,3.802e-04,4.308e-04,4.911e-04,5.849e-04,9.702e-04,1.164e-03,1.786e-03,2.896e-03,5.077e-03,8.437e-03,1.138e-02,1.102e-02,7.606e-03,4.518e-03,2.992e-03,3.976e-03,1.579e-03,1.117e-03,8.866e-04,7.396e-04,5.895e-04,5.146e-04,4.164e-04,3.886e-04,3.399e-04,3.228e-04,2.967e-04,2.152e-04,2.143e-04,1.852e-04,1.688e-04,1.359e-04,1.234e-04,1.221e-04,1.043e-04,1.135e-04,1.006e-04,8.685e-05,8.303e-05,6.761e-05,6.875e-05,6.987e-05,6.502e-05,7.995e-05,6.373e-05,5.396e-05,4.778e-05,5.189e-05,5.862e-05,5.771e-05,6.121e-05,4.955e-05,3.734e-05,4.836e-05,3.672e-05,4.049e-05,3.724e-05,2.455e-05,3.168e-05,1.787e-05,2.575e-05,1.650e-05,2.112e-05,1.820e-05,1.975e-05,1.472e-05,1.296e-05,1.623e-05,7.199e-06,4.667e-06,4.072e-06,8.046e-06,8.185e-06,1.328e-05,2.119e-06,1.268e-06,3.425e-06,5.240e-06,1.659e-06,2.001e-06,1.494e-06,7.421e-07,1.106e-06,7.323e-07,0.000e+00,2.768e-06,1.271e-06,2.140e-06]
      - [9.783e-06,4.355e-05,6.002e-05,4.833e-05,1.599e-04,1.477e-04,1.487e-04,9.684e-05,1.225e-04,1.478e-04,1.833e-04,2.276e-04,2.736e-04,3.100e-04,3.534e-04,4.209e-04,6.981e-04,8.373e-04,1.285e-03,2.084e-03,3.654e-03,6.071e-03,8.185e-03,7.928e-03,5.473e-03,3.251e-03,2.153e-03,1.579e-03,2.437e-03,8.039e-04,6.380e-04,5.322e-04,4.242e-04,3.703e-04,2.996e-04,2.796e-04,2.446e-04,2.323e-04,2.135e-04,1.548e-04,1.542e-04,1.333e-04,1.215e-04,9.780e-05,8.876e-05,8.783e-05,7.508e-05,8.165e-05,7.242e-05,6.249e-05,5.975e-05,4.865e-05,4.947e-05,5.028e-05,4.679e-05,5.753e-05,4.586e-05,3.883e-05,3.438e-05,3.734e-05,4.218e-05,4.153e-05,4.404e-05,3.566e-05,2.687e-05,3.480e-05,2.642e-05,2.913e-05,2.680e-05,1.767e-05,2.280e-05,1.286e-05,1.853e-05,1.188e-05,1.520e-05,1.310e-05,1.421e-05,1.059e-05,9.328e-06,1.168e-05,5.180e-06,3.358e-06,2.930e-06,5.789e-06,5.890e-06,9.557e-06,1.525e-06,9.127e-07,2.465e-06,3.770e-06,1.194e-06,1.440e-06,1.075e-06,5.340e-07,7.957e-07,5.269e-07,0.000e+00,1.992e-06,9.144e-07,1.540e-06]
      - [6.921e-06,3.080e-05,4.246e-05,3.419e-05,1.131e-04,1.045e-04,1.052e-04,6.851e-05,8.662e-05,1.046e-04,1.297e-04,1.610e-04,1.936e-04,2.193e-04,2.500e-04,2.977e-04,4.938e-04,5.923e-04,9.092e-04,1.474e-03,2.585e-03,4.295e-03,5.790e-03,5.608e-03,3.872e-03,2.300e-03,1.523e-03,1.117e-03,8.039e-04,1.495e-03,4.513e-04,3.765e-04,3.001e-04,2.619e-04,2.120e-04,1.978e-04,1.730e-04,1.643e-04,1.510e-04,1.095e-04,1.091e-04,9.428e-05,8.593e-05,6.918e-05,6.279e-05,6.213e-05,5.311e-05,5.776e-05,5.123e-05,4.421e-05,4.227e-05,3.442e-05,3.499e-05,3.557e-05,3.310e-05,4.070e-05,3.244e-05,2.747e-05,2.432e-05,2.641e-05,2.984e-05,2.938e-05,3.116e-05,2.522e-05,1.901e-05,2.462e-05,1.869e-05,2.061e-05,1.896e-05,1.250e-05,1.613e-05,9.098e-06,1.311e-05,8.401e-06,1.075e-05,9.266e-06,1.005e-05,7.491e-06,6.599e-06,8.260e-06,3.665e-06,2.376e-06,2.073e-06,4.095e-06,4.167e-06,6.760e-06,1.078e-06,6.457e-07,1.744e-06,2.667e-06,8.444e-07,1.019e-06,7.607e-07,3.778e-07,5.629e-07,3.727e-07,0.000e+00,1.409e-06,6.468e-07,1.089e-06]
