###################
# tau -> K pi nu #
###################
#
# [Belle:2007A]
# {{{
tau->K_Spinu::dBR/dq2@Belle:2007A:
    type: MultivariateGaussian(Covariance)
    observables:
        [ "tau->K_Spinu::dBR/dq2", "tau->K_Spinu::dBR/dq2", "tau->K_Spinu::dBR/dq2", "tau->K_Spinu::dBR/dq2", "tau->K_Spinu::dBR/dq2",
          "tau->K_Spinu::dBR/dq2", "tau->K_Spinu::dBR/dq2", "tau->K_Spinu::dBR/dq2", "tau->K_Spinu::dBR/dq2", "tau->K_Spinu::dBR/dq2",
          "tau->K_Spinu::dBR/dq2", "tau->K_Spinu::dBR/dq2", "tau->K_Spinu::dBR/dq2", "tau->K_Spinu::dBR/dq2", "tau->K_Spinu::dBR/dq2",
          "tau->K_Spinu::dBR/dq2", "tau->K_Spinu::dBR/dq2", "tau->K_Spinu::dBR/dq2", "tau->K_Spinu::dBR/dq2", "tau->K_Spinu::dBR/dq2",
          "tau->K_Spinu::dBR/dq2", "tau->K_Spinu::dBR/dq2", "tau->K_Spinu::dBR/dq2", "tau->K_Spinu::dBR/dq2", "tau->K_Spinu::dBR/dq2",
          "tau->K_Spinu::dBR/dq2", "tau->K_Spinu::dBR/dq2", "tau->K_Spinu::dBR/dq2", "tau->K_Spinu::dBR/dq2", "tau->K_Spinu::dBR/dq2",
          "tau->K_Spinu::dBR/dq2", "tau->K_Spinu::dBR/dq2", "tau->K_Spinu::dBR/dq2", "tau->K_Spinu::dBR/dq2", "tau->K_Spinu::dBR/dq2",
          "tau->K_Spinu::dBR/dq2", "tau->K_Spinu::dBR/dq2", "tau->K_Spinu::dBR/dq2", "tau->K_Spinu::dBR/dq2", "tau->K_Spinu::dBR/dq2",
          "tau->K_Spinu::dBR/dq2", "tau->K_Spinu::dBR/dq2", "tau->K_Spinu::dBR/dq2", "tau->K_Spinu::dBR/dq2", "tau->K_Spinu::dBR/dq2",
          "tau->K_Spinu::dBR/dq2", "tau->K_Spinu::dBR/dq2", "tau->K_Spinu::dBR/dq2", "tau->K_Spinu::dBR/dq2", "tau->K_Spinu::dBR/dq2",
          "tau->K_Spinu::dBR/dq2", "tau->K_Spinu::dBR/dq2", "tau->K_Spinu::dBR/dq2", "tau->K_Spinu::dBR/dq2", "tau->K_Spinu::dBR/dq2",
          "tau->K_Spinu::dBR/dq2", "tau->K_Spinu::dBR/dq2", "tau->K_Spinu::dBR/dq2", "tau->K_Spinu::dBR/dq2", "tau->K_Spinu::dBR/dq2",
          "tau->K_Spinu::dBR/dq2", "tau->K_Spinu::dBR/dq2", "tau->K_Spinu::dBR/dq2", "tau->K_Spinu::dBR/dq2", "tau->K_Spinu::dBR/dq2",
          "tau->K_Spinu::dBR/dq2", "tau->K_Spinu::dBR/dq2", "tau->K_Spinu::dBR/dq2", "tau->K_Spinu::dBR/dq2", "tau->K_Spinu::dBR/dq2",
          "tau->K_Spinu::dBR/dq2", "tau->K_Spinu::dBR/dq2", "tau->K_Spinu::dBR/dq2", "tau->K_Spinu::dBR/dq2", "tau->K_Spinu::dBR/dq2",
          "tau->K_Spinu::dBR/dq2", "tau->K_Spinu::dBR/dq2", "tau->K_Spinu::dBR/dq2", "tau->K_Spinu::dBR/dq2", "tau->K_Spinu::dBR/dq2",
          "tau->K_Spinu::dBR/dq2", "tau->K_Spinu::dBR/dq2", "tau->K_Spinu::dBR/dq2", "tau->K_Spinu::dBR/dq2", "tau->K_Spinu::dBR/dq2",
          "tau->K_Spinu::dBR/dq2", "tau->K_Spinu::dBR/dq2", "tau->K_Spinu::dBR/dq2", "tau->K_Spinu::dBR/dq2", "tau->K_Spinu::dBR/dq2",
          "tau->K_Spinu::dBR/dq2", "tau->K_Spinu::dBR/dq2", "tau->K_Spinu::dBR/dq2", "tau->K_Spinu::dBR/dq2", "tau->K_Spinu::dBR/dq2",
          "tau->K_Spinu::dBR/dq2", "tau->K_Spinu::dBR/dq2", "tau->K_Spinu::dBR/dq2", "tau->K_Spinu::dBR/dq2", "tau->K_Spinu::dBR/dq2" ]
    options:
        [ {}, {}, {}, {}, {},
          {}, {}, {}, {}, {},
          {}, {}, {}, {}, {},
          {}, {}, {}, {}, {},
          {}, {}, {}, {}, {},
          {}, {}, {}, {}, {},
          {}, {}, {}, {}, {},
          {}, {}, {}, {}, {},
          {}, {}, {}, {}, {},
          {}, {}, {}, {}, {},
          {}, {}, {}, {}, {},
          {}, {}, {}, {}, {},
          {}, {}, {}, {}, {},
          {}, {}, {}, {}, {},
          {}, {}, {}, {}, {},
          {}, {}, {}, {}, {},
          {}, {}, {}, {}, {},
          {}, {}, {}, {}, {},
          {}, {}, {}, {}, {},
          {}, {}, {}, {}, {} ]
    kinematics:
        # First bin centre corrected to sit in the physical range by changing lower bound to (mpi+mK)^2
        [{q2: 0.4088}, {q2: 0.4189}, {q2: 0.4340}, {q2: 0.4492}, {q2: 0.4648},
         {q2: 0.4806}, {q2: 0.4967}, {q2: 0.5130}, {q2: 0.5296}, {q2: 0.5465},
         {q2: 0.5636}, {q2: 0.5810}, {q2: 0.5987}, {q2: 0.6166}, {q2: 0.6348},
         {q2: 0.6533}, {q2: 0.6720}, {q2: 0.6910}, {q2: 0.7102}, {q2: 0.7297},
         {q2: 0.7495}, {q2: 0.7696}, {q2: 0.7899}, {q2: 0.8105}, {q2: 0.8313},
         {q2: 0.8524}, {q2: 0.8738}, {q2: 0.8954}, {q2: 0.9173}, {q2: 0.9394},
         {q2: 0.9619}, {q2: 0.9846}, {q2: 1.0075}, {q2: 1.0307}, {q2: 1.0542},
         {q2: 1.0780}, {q2: 1.1020}, {q2: 1.1263}, {q2: 1.1508}, {q2: 1.1756},
         {q2: 1.2007}, {q2: 1.2260}, {q2: 1.2516}, {q2: 1.2775}, {q2: 1.3036},
         {q2: 1.3300}, {q2: 1.3566}, {q2: 1.3836}, {q2: 1.4108}, {q2: 1.4382},
         {q2: 1.4659}, {q2: 1.4939}, {q2: 1.5221}, {q2: 1.5506}, {q2: 1.5794},
         {q2: 1.6085}, {q2: 1.6378}, {q2: 1.6673}, {q2: 1.6972}, {q2: 1.7273},
         {q2: 1.7576}, {q2: 1.7882}, {q2: 1.8191}, {q2: 1.8503}, {q2: 1.8817},
         {q2: 1.9134}, {q2: 1.9453}, {q2: 1.9775}, {q2: 2.0100}, {q2: 2.0428},
         {q2: 2.0758}, {q2: 2.1090}, {q2: 2.1426}, {q2: 2.1764}, {q2: 2.2104},
         {q2: 2.2448}, {q2: 2.2793}, {q2: 2.3142}, {q2: 2.3493}, {q2: 2.3847},
         {q2: 2.4204}, {q2: 2.4563}, {q2: 2.4925}, {q2: 2.5289}, {q2: 2.5656},
         {q2: 2.6026}, {q2: 2.6398}, {q2: 2.6773}, {q2: 2.7151}, {q2: 2.7531},
         {q2: 2.7914}, {q2: 2.8300}, {q2: 2.8688}, {q2: 2.9079}, {q2: 2.9472},
         {q2: 2.9868}, {q2: 3.0267}, {q2: 3.0669}, {q2: 3.1073}, {q2: 3.1480} ]
    means:
        [ 3.685e-05, 1.640e-04, 2.261e-04, 1.820e-04, 6.023e-04,
          5.564e-04, 5.602e-04, 3.648e-04, 4.612e-04, 5.569e-04,
          6.906e-04, 8.574e-04, 1.031e-03, 1.168e-03, 1.331e-03,
          1.585e-03, 2.629e-03, 3.154e-03, 4.841e-03, 7.849e-03,
          1.376e-02, 2.287e-02, 3.083e-02, 2.986e-02, 2.061e-02,
          1.224e-02, 8.109e-03, 5.948e-03, 4.280e-03, 3.028e-03,
          2.403e-03, 2.005e-03, 1.598e-03, 1.395e-03, 1.129e-03,
          1.053e-03, 9.211e-04, 8.750e-04, 8.041e-04, 5.832e-04,
          5.808e-04, 5.020e-04, 4.575e-04, 3.683e-04, 3.343e-04,
          3.308e-04, 2.828e-04, 3.075e-04, 2.728e-04, 2.354e-04,
          2.250e-04, 1.832e-04, 1.863e-04, 1.894e-04, 1.762e-04,
          2.167e-04, 1.727e-04, 1.463e-04, 1.295e-04, 1.406e-04,
          1.589e-04, 1.564e-04, 1.659e-04, 1.343e-04, 1.012e-04,
          1.311e-04, 9.952e-05, 1.097e-04, 1.009e-04, 6.655e-05,
          8.587e-05, 4.844e-05, 6.978e-05, 4.473e-05, 5.724e-05,
          4.933e-05, 5.352e-05, 3.989e-05, 3.513e-05, 4.398e-05,
          1.951e-05, 1.265e-05, 1.104e-05, 2.181e-05, 2.218e-05,
          3.599e-05, 5.742e-06, 3.438e-06, 9.284e-06, 1.420e-05,
          4.496e-06, 5.423e-06, 4.050e-06, 2.011e-06, 2.997e-06,
          1.985e-06, 0.000e+00, 7.501e-06, 3.444e-06, 5.799e-06 ]
    covariance:
      - [1.062e-09,1.687e-12,2.325e-12,1.872e-12,6.195e-12,5.722e-12,5.761e-12,3.751e-12,4.743e-12,5.727e-12,7.102e-12,8.818e-12,1.060e-11,1.201e-11,1.369e-11,1.630e-11,2.704e-11,3.243e-11,4.979e-11,8.072e-11,1.415e-10,2.352e-10,3.171e-10,3.071e-10,2.120e-10,1.259e-10,8.340e-11,6.118e-11,4.402e-11,3.114e-11,2.471e-11,2.062e-11,1.643e-11,1.434e-11,1.161e-11,1.083e-11,9.473e-12,8.999e-12,8.270e-12,5.998e-12,5.973e-12,5.163e-12,4.706e-12,3.788e-12,3.438e-12,3.402e-12,2.908e-12,3.163e-12,2.805e-12,2.421e-12,2.314e-12,1.885e-12,1.916e-12,1.948e-12,1.812e-12,2.228e-12,1.777e-12,1.504e-12,1.332e-12,1.446e-12,1.634e-12,1.609e-12,1.706e-12,1.381e-12,1.041e-12,1.348e-12,1.024e-12,1.129e-12,1.038e-12,6.844e-13,8.831e-13,4.982e-13,7.177e-13,4.601e-13,5.887e-13,5.074e-13,5.505e-13,4.102e-13,3.613e-13,4.523e-13,2.007e-13,1.301e-13,1.135e-13,2.243e-13,2.282e-13,3.702e-13,5.905e-14,3.536e-14,9.548e-14,1.461e-13,4.624e-14,5.578e-14,4.165e-14,2.069e-14,3.082e-14,2.041e-14,0.000e+00,7.715e-14,3.542e-14,5.965e-14]
      - [1.687e-12,1.326e-08,1.035e-11,8.332e-12,2.757e-11,2.547e-11,2.564e-11,1.670e-11,2.111e-11,2.549e-11,3.161e-11,3.925e-11,4.717e-11,5.345e-11,6.093e-11,7.256e-11,1.204e-10,1.444e-10,2.216e-10,3.593e-10,6.299e-10,1.047e-09,1.411e-09,1.367e-09,9.436e-10,5.605e-10,3.712e-10,2.723e-10,1.959e-10,1.386e-10,1.100e-10,9.176e-11,7.314e-11,6.384e-11,5.166e-11,4.821e-11,4.217e-11,4.005e-11,3.681e-11,2.670e-11,2.659e-11,2.298e-11,2.094e-11,1.686e-11,1.530e-11,1.514e-11,1.294e-11,1.408e-11,1.249e-11,1.077e-11,1.030e-11,8.388e-12,8.529e-12,8.668e-12,8.067e-12,9.919e-12,7.907e-12,6.695e-12,5.927e-12,6.438e-12,7.273e-12,7.160e-12,7.593e-12,6.148e-12,4.632e-12,6.000e-12,4.556e-12,5.023e-12,4.620e-12,3.046e-12,3.931e-12,2.217e-12,3.194e-12,2.048e-12,2.620e-12,2.258e-12,2.450e-12,1.826e-12,1.608e-12,2.013e-12,8.932e-13,5.790e-13,5.052e-13,9.982e-13,1.016e-12,1.648e-12,2.628e-13,1.574e-13,4.250e-13,6.501e-13,2.058e-13,2.483e-13,1.854e-13,9.207e-14,1.372e-13,9.085e-14,0.000e+00,3.434e-13,1.577e-13,2.655e-13]
      - [2.325e-12,1.035e-11,7.191e-09,1.149e-11,3.801e-11,3.511e-11,3.535e-11,2.302e-11,2.910e-11,3.514e-11,4.357e-11,5.410e-11,6.503e-11,7.368e-11,8.399e-11,1.000e-10,1.659e-10,1.990e-10,3.055e-10,4.952e-10,8.683e-10,1.443e-09,1.945e-09,1.884e-09,1.301e-09,7.726e-10,5.117e-10,3.753e-10,2.701e-10,1.911e-10,1.516e-10,1.265e-10,1.008e-10,8.800e-11,7.121e-11,6.645e-11,5.812e-11,5.521e-11,5.074e-11,3.680e-11,3.665e-11,3.167e-11,2.887e-11,2.324e-11,2.110e-11,2.087e-11,1.784e-11,1.941e-11,1.721e-11,1.485e-11,1.420e-11,1.156e-11,1.176e-11,1.195e-11,1.112e-11,1.367e-11,1.090e-11,9.228e-12,8.170e-12,8.874e-12,1.002e-11,9.869e-12,1.047e-11,8.474e-12,6.385e-12,8.270e-12,6.280e-12,6.924e-12,6.369e-12,4.199e-12,5.418e-12,3.057e-12,4.403e-12,2.823e-12,3.612e-12,3.113e-12,3.377e-12,2.517e-12,2.217e-12,2.775e-12,1.231e-12,7.982e-13,6.964e-13,1.376e-12,1.400e-12,2.271e-12,3.623e-13,2.169e-13,5.858e-13,8.961e-13,2.837e-13,3.422e-13,2.556e-13,1.269e-13,1.891e-13,1.252e-13,0.000e+00,4.733e-13,2.173e-13,3.659e-13]
      - [1.872e-12,8.332e-12,1.149e-11,9.936e-09,3.060e-11,2.827e-11,2.846e-11,1.853e-11,2.343e-11,2.829e-11,3.508e-11,4.356e-11,5.236e-11,5.932e-11,6.763e-11,8.053e-11,1.336e-10,1.602e-10,2.459e-10,3.987e-10,6.991e-10,1.162e-09,1.566e-09,1.517e-09,1.047e-09,6.221e-10,4.120e-10,3.022e-10,2.175e-10,1.538e-10,1.221e-10,1.018e-10,8.117e-11,7.086e-11,5.734e-11,5.351e-11,4.680e-11,4.445e-11,4.085e-11,2.963e-11,2.951e-11,2.550e-11,2.325e-11,1.871e-11,1.699e-11,1.681e-11,1.437e-11,1.562e-11,1.386e-11,1.196e-11,1.143e-11,9.310e-12,9.466e-12,9.621e-12,8.953e-12,1.101e-11,8.776e-12,7.430e-12,6.578e-12,7.145e-12,8.072e-12,7.946e-12,8.427e-12,6.823e-12,5.141e-12,6.659e-12,5.056e-12,5.575e-12,5.128e-12,3.381e-12,4.363e-12,2.461e-12,3.545e-12,2.273e-12,2.908e-12,2.506e-12,2.719e-12,2.026e-12,1.785e-12,2.234e-12,9.913e-13,6.426e-13,5.607e-13,1.108e-12,1.127e-12,1.829e-12,2.917e-13,1.747e-13,4.717e-13,7.215e-13,2.284e-13,2.755e-13,2.058e-13,1.022e-13,1.523e-13,1.008e-13,0.000e+00,3.811e-13,1.750e-13,2.946e-13]
      - [6.195e-12,2.757e-11,3.801e-11,3.060e-11,2.123e-08,9.354e-11,9.417e-11,6.132e-11,7.754e-11,9.361e-11,1.161e-10,1.441e-10,1.732e-10,1.963e-10,2.238e-10,2.665e-10,4.420e-10,5.301e-10,8.138e-10,1.319e-09,2.313e-09,3.844e-09,5.183e-09,5.020e-09,3.465e-09,2.058e-09,1.363e-09,1.000e-09,7.196e-10,5.090e-10,4.039e-10,3.370e-10,2.686e-10,2.345e-10,1.897e-10,1.770e-10,1.549e-10,1.471e-10,1.352e-10,9.804e-11,9.763e-11,8.439e-11,7.692e-11,6.192e-11,5.620e-11,5.561e-11,4.754e-11,5.170e-11,4.586e-11,3.957e-11,3.783e-11,3.081e-11,3.132e-11,3.183e-11,2.963e-11,3.643e-11,2.904e-11,2.459e-11,2.177e-11,2.364e-11,2.671e-11,2.629e-11,2.789e-11,2.258e-11,1.701e-11,2.203e-11,1.673e-11,1.845e-11,1.697e-11,1.119e-11,1.444e-11,8.143e-12,1.173e-11,7.520e-12,9.622e-12,8.294e-12,8.998e-12,6.705e-12,5.906e-12,7.393e-12,3.280e-12,2.127e-12,1.855e-12,3.666e-12,3.729e-12,6.051e-12,9.653e-13,5.779e-13,1.561e-12,2.387e-12,7.558e-13,9.117e-13,6.809e-13,3.381e-13,5.038e-13,3.336e-13,0.000e+00,1.261e-12,5.790e-13,9.750e-13]
      - [5.722e-12,2.547e-11,3.511e-11,2.827e-11,9.354e-11,1.085e-08,8.699e-11,5.665e-11,7.163e-11,8.648e-11,1.072e-10,1.332e-10,1.600e-10,1.813e-10,2.067e-10,2.462e-10,4.083e-10,4.897e-10,7.518e-10,1.219e-09,2.137e-09,3.551e-09,4.788e-09,4.637e-09,3.201e-09,1.902e-09,1.259e-09,9.237e-10,6.647e-10,4.702e-10,3.731e-10,3.113e-10,2.481e-10,2.166e-10,1.753e-10,1.636e-10,1.430e-10,1.359e-10,1.249e-10,9.057e-11,9.019e-11,7.796e-11,7.106e-11,5.720e-11,5.192e-11,5.137e-11,4.392e-11,4.776e-11,4.236e-11,3.655e-11,3.495e-11,2.846e-11,2.893e-11,2.941e-11,2.737e-11,3.365e-11,2.683e-11,2.271e-11,2.011e-11,2.184e-11,2.467e-11,2.429e-11,2.576e-11,2.086e-11,1.571e-11,2.035e-11,1.546e-11,1.704e-11,1.567e-11,1.033e-11,1.334e-11,7.523e-12,1.084e-11,6.947e-12,8.889e-12,7.661e-12,8.312e-12,6.194e-12,5.456e-12,6.830e-12,3.030e-12,1.964e-12,1.714e-12,3.386e-12,3.445e-12,5.590e-12,8.917e-13,5.339e-13,1.442e-12,2.205e-12,6.982e-13,8.422e-13,6.290e-13,3.124e-13,4.654e-13,3.082e-13,0.000e+00,1.165e-12,5.348e-13,9.006e-13]
      - [5.761e-12,2.564e-11,3.535e-11,2.846e-11,9.417e-11,8.699e-11,1.237e-08,5.703e-11,7.211e-11,8.706e-11,1.080e-10,1.341e-10,1.611e-10,1.826e-10,2.081e-10,2.478e-10,4.111e-10,4.930e-10,7.569e-10,1.227e-09,2.152e-09,3.575e-09,4.820e-09,4.669e-09,3.223e-09,1.914e-09,1.268e-09,9.300e-10,6.692e-10,4.734e-10,3.757e-10,3.134e-10,2.498e-10,2.181e-10,1.765e-10,1.647e-10,1.440e-10,1.368e-10,1.257e-10,9.118e-11,9.080e-11,7.848e-11,7.154e-11,5.759e-11,5.227e-11,5.172e-11,4.421e-11,4.808e-11,4.265e-11,3.680e-11,3.519e-11,2.865e-11,2.913e-11,2.961e-11,2.755e-11,3.388e-11,2.701e-11,2.287e-11,2.024e-11,2.199e-11,2.484e-11,2.445e-11,2.594e-11,2.100e-11,1.582e-11,2.049e-11,1.556e-11,1.716e-11,1.578e-11,1.040e-11,1.343e-11,7.574e-12,1.091e-11,6.994e-12,8.949e-12,7.713e-12,8.368e-12,6.236e-12,5.493e-12,6.876e-12,3.051e-12,1.978e-12,1.726e-12,3.409e-12,3.468e-12,5.628e-12,8.978e-13,5.375e-13,1.452e-12,2.220e-12,7.029e-13,8.479e-13,6.332e-13,3.145e-13,4.686e-13,3.103e-13,0.000e+00,1.173e-12,5.385e-13,9.067e-13]
      - [3.751e-12,1.670e-11,2.302e-11,1.853e-11,6.132e-11,5.665e-11,5.703e-11,8.641e-09,4.695e-11,5.669e-11,7.030e-11,8.729e-11,1.049e-10,1.189e-10,1.355e-10,1.614e-10,2.677e-10,3.210e-10,4.928e-10,7.990e-10,1.401e-09,2.328e-09,3.139e-09,3.040e-09,2.099e-09,1.247e-09,8.256e-10,6.056e-10,4.358e-10,3.083e-10,2.446e-10,2.041e-10,1.627e-10,1.420e-10,1.149e-10,1.072e-10,9.378e-11,8.908e-11,8.186e-11,5.937e-11,5.913e-11,5.110e-11,4.658e-11,3.750e-11,3.404e-11,3.368e-11,2.879e-11,3.131e-11,2.777e-11,2.396e-11,2.291e-11,1.866e-11,1.897e-11,1.928e-11,1.794e-11,2.206e-11,1.759e-11,1.489e-11,1.318e-11,1.432e-11,1.617e-11,1.592e-11,1.689e-11,1.367e-11,1.030e-11,1.334e-11,1.013e-11,1.117e-11,1.028e-11,6.775e-12,8.742e-12,4.931e-12,7.104e-12,4.554e-12,5.827e-12,5.022e-12,5.449e-12,4.061e-12,3.577e-12,4.477e-12,1.986e-12,1.288e-12,1.124e-12,2.220e-12,2.258e-12,3.664e-12,5.846e-13,3.500e-13,9.451e-13,1.446e-12,4.577e-13,5.521e-13,4.123e-13,2.048e-13,3.051e-13,2.020e-13,0.000e+00,7.637e-13,3.506e-13,5.904e-13]
      - [4.743e-12,2.111e-11,2.910e-11,2.343e-11,7.754e-11,7.163e-11,7.211e-11,4.695e-11,1.380e-08,7.168e-11,8.889e-11,1.104e-10,1.327e-10,1.503e-10,1.714e-10,2.041e-10,3.385e-10,4.060e-10,6.232e-10,1.010e-09,1.771e-09,2.944e-09,3.969e-09,3.844e-09,2.654e-09,1.576e-09,1.044e-09,7.657e-10,5.510e-10,3.898e-10,3.093e-10,2.580e-10,2.057e-10,1.795e-10,1.453e-10,1.356e-10,1.186e-10,1.126e-10,1.035e-10,7.508e-11,7.476e-11,6.462e-11,5.890e-11,4.742e-11,4.304e-11,4.259e-11,3.640e-11,3.959e-11,3.511e-11,3.030e-11,2.897e-11,2.359e-11,2.398e-11,2.438e-11,2.269e-11,2.789e-11,2.224e-11,1.883e-11,1.667e-11,1.810e-11,2.045e-11,2.013e-11,2.135e-11,1.729e-11,1.303e-11,1.687e-11,1.281e-11,1.413e-11,1.299e-11,8.566e-12,1.105e-11,6.236e-12,8.983e-12,5.758e-12,7.368e-12,6.351e-12,6.890e-12,5.134e-12,4.523e-12,5.661e-12,2.512e-12,1.628e-12,1.421e-12,2.807e-12,2.856e-12,4.634e-12,7.392e-13,4.425e-13,1.195e-12,1.828e-12,5.787e-13,6.982e-13,5.214e-13,2.589e-13,3.858e-13,2.555e-13,0.000e+00,9.656e-13,4.433e-13,7.466e-13]
      - [5.727e-12,2.549e-11,3.514e-11,2.829e-11,9.361e-11,8.648e-11,8.706e-11,5.669e-11,7.168e-11,1.222e-08,1.073e-10,1.333e-10,1.602e-10,1.815e-10,2.069e-10,2.464e-10,4.087e-10,4.901e-10,7.524e-10,1.220e-09,2.139e-09,3.554e-09,4.792e-09,4.641e-09,3.204e-09,1.903e-09,1.260e-09,9.245e-10,6.652e-10,4.706e-10,3.735e-10,3.116e-10,2.483e-10,2.168e-10,1.754e-10,1.637e-10,1.432e-10,1.360e-10,1.250e-10,9.064e-11,9.027e-11,7.802e-11,7.111e-11,5.725e-11,5.196e-11,5.142e-11,4.395e-11,4.780e-11,4.240e-11,3.658e-11,3.498e-11,2.848e-11,2.896e-11,2.943e-11,2.739e-11,3.368e-11,2.685e-11,2.273e-11,2.012e-11,2.186e-11,2.469e-11,2.431e-11,2.578e-11,2.087e-11,1.573e-11,2.037e-11,1.547e-11,1.705e-11,1.569e-11,1.034e-11,1.335e-11,7.529e-12,1.085e-11,6.952e-12,8.896e-12,7.668e-12,8.319e-12,6.199e-12,5.460e-12,6.835e-12,3.033e-12,1.966e-12,1.715e-12,3.389e-12,3.448e-12,5.594e-12,8.924e-13,5.343e-13,1.443e-12,2.207e-12,6.988e-13,8.429e-13,6.295e-13,3.126e-13,4.658e-13,3.085e-13,0.000e+00,1.166e-12,5.353e-13,9.014e-13]
      - [7.102e-12,3.161e-11,4.357e-11,3.508e-11,1.161e-10,1.072e-10,1.080e-10,7.030e-11,8.889e-11,1.073e-10,1.670e-08,1.653e-10,1.986e-10,2.250e-10,2.566e-10,3.055e-10,5.068e-10,6.078e-10,9.331e-10,1.513e-09,2.652e-09,4.407e-09,5.942e-09,5.755e-09,3.973e-09,2.360e-09,1.563e-09,1.146e-09,8.250e-10,5.836e-10,4.631e-10,3.864e-10,3.080e-10,2.688e-10,2.175e-10,2.030e-10,1.775e-10,1.686e-10,1.550e-10,1.124e-10,1.119e-10,9.675e-11,8.819e-11,7.099e-11,6.444e-11,6.376e-11,5.450e-11,5.928e-11,5.257e-11,4.537e-11,4.337e-11,3.532e-11,3.591e-11,3.650e-11,3.396e-11,4.176e-11,3.329e-11,2.819e-11,2.496e-11,2.711e-11,3.062e-11,3.015e-11,3.197e-11,2.588e-11,1.950e-11,2.526e-11,1.918e-11,2.115e-11,1.945e-11,1.283e-11,1.655e-11,9.336e-12,1.345e-11,8.622e-12,1.103e-11,9.508e-12,1.032e-11,7.687e-12,6.771e-12,8.476e-12,3.761e-12,2.438e-12,2.127e-12,4.203e-12,4.276e-12,6.938e-12,1.107e-12,6.626e-13,1.789e-12,2.737e-12,8.665e-13,1.045e-12,7.806e-13,3.877e-13,5.776e-13,3.825e-13,0.000e+00,1.446e-12,6.638e-13,1.118e-12]
      - [8.818e-12,3.925e-11,5.410e-11,4.356e-11,1.441e-10,1.332e-10,1.341e-10,8.729e-11,1.104e-10,1.333e-10,1.653e-10,1.616e-08,2.466e-10,2.794e-10,3.186e-10,3.793e-10,6.292e-10,7.547e-10,1.159e-09,1.878e-09,3.293e-09,5.472e-09,7.378e-09,7.146e-09,4.933e-09,2.930e-09,1.941e-09,1.423e-09,1.024e-09,7.246e-10,5.750e-10,4.797e-10,3.824e-10,3.338e-10,2.701e-10,2.520e-10,2.204e-10,2.094e-10,1.924e-10,1.396e-10,1.390e-10,1.201e-10,1.095e-10,8.815e-11,8.001e-11,7.917e-11,6.767e-11,7.360e-11,6.528e-11,5.633e-11,5.386e-11,4.385e-11,4.459e-11,4.532e-11,4.217e-11,5.185e-11,4.134e-11,3.500e-11,3.099e-11,3.366e-11,3.802e-11,3.743e-11,3.970e-11,3.214e-11,2.422e-11,3.137e-11,2.382e-11,2.626e-11,2.415e-11,1.593e-11,2.055e-11,1.159e-11,1.670e-11,1.070e-11,1.370e-11,1.181e-11,1.281e-11,9.545e-12,8.408e-12,1.052e-11,4.669e-12,3.027e-12,2.641e-12,5.218e-12,5.309e-12,8.614e-12,1.374e-12,8.227e-13,2.222e-12,3.399e-12,1.076e-12,1.298e-12,9.692e-13,4.813e-13,7.172e-13,4.749e-13,0.000e+00,1.795e-12,8.242e-13,1.388e-12]
      - [1.060e-11,4.717e-11,6.503e-11,5.236e-11,1.732e-10,1.600e-10,1.611e-10,1.049e-10,1.327e-10,1.602e-10,1.986e-10,2.466e-10,1.457e-08,3.358e-10,3.829e-10,4.559e-10,7.563e-10,9.071e-10,1.392e-09,2.258e-09,3.958e-09,6.577e-09,8.867e-09,8.589e-09,5.929e-09,3.522e-09,2.332e-09,1.711e-09,1.231e-09,8.709e-10,6.911e-10,5.766e-10,4.596e-10,4.012e-10,3.246e-10,3.029e-10,2.649e-10,2.517e-10,2.313e-10,1.677e-10,1.670e-10,1.444e-10,1.316e-10,1.059e-10,9.616e-11,9.515e-11,8.134e-11,8.846e-11,7.846e-11,6.770e-11,6.473e-11,5.271e-11,5.359e-11,5.447e-11,5.069e-11,6.232e-11,4.968e-11,4.207e-11,3.724e-11,4.045e-11,4.570e-11,4.499e-11,4.771e-11,3.863e-11,2.911e-11,3.770e-11,2.863e-11,3.156e-11,2.903e-11,1.914e-11,2.470e-11,1.393e-11,2.007e-11,1.287e-11,1.646e-11,1.419e-11,1.540e-11,1.147e-11,1.011e-11,1.265e-11,5.612e-12,3.638e-12,3.174e-12,6.272e-12,6.381e-12,1.035e-11,1.652e-12,9.888e-13,2.670e-12,4.085e-12,1.293e-12,1.560e-12,1.165e-12,5.785e-13,8.620e-13,5.708e-13,0.000e+00,2.158e-12,9.906e-13,1.668e-12]
      - [1.201e-11,5.345e-11,7.368e-11,5.932e-11,1.963e-10,1.813e-10,1.826e-10,1.189e-10,1.503e-10,1.815e-10,2.250e-10,2.794e-10,3.358e-10,1.627e-08,4.338e-10,5.166e-10,8.569e-10,1.028e-09,1.578e-09,2.558e-09,4.485e-09,7.452e-09,1.005e-08,9.731e-09,6.718e-09,3.990e-09,2.643e-09,1.939e-09,1.395e-09,9.868e-10,7.831e-10,6.533e-10,5.207e-10,4.545e-10,3.678e-10,3.432e-10,3.002e-10,2.851e-10,2.621e-10,1.901e-10,1.893e-10,1.636e-10,1.491e-10,1.200e-10,1.090e-10,1.078e-10,9.216e-11,1.002e-10,8.890e-11,7.671e-11,7.334e-11,5.972e-11,6.072e-11,6.171e-11,5.743e-11,7.061e-11,5.629e-11,4.766e-11,4.220e-11,4.583e-11,5.178e-11,5.097e-11,5.406e-11,4.377e-11,3.298e-11,4.272e-11,3.243e-11,3.576e-11,3.289e-11,2.169e-11,2.798e-11,1.579e-11,2.274e-11,1.458e-11,1.865e-11,1.608e-11,1.744e-11,1.300e-11,1.145e-11,1.433e-11,6.359e-12,4.122e-12,3.597e-12,7.106e-12,7.230e-12,1.173e-11,1.871e-12,1.120e-12,3.026e-12,4.628e-12,1.465e-12,1.767e-12,1.320e-12,6.555e-13,9.767e-13,6.468e-13,0.000e+00,2.445e-12,1.122e-12,1.890e-12]
      - [1.369e-11,6.093e-11,8.399e-11,6.763e-11,2.238e-10,2.067e-10,2.081e-10,1.355e-10,1.714e-10,2.069e-10,2.566e-10,3.186e-10,3.829e-10,4.338e-10,1.698e-08,5.889e-10,9.769e-10,1.172e-09,1.799e-09,2.916e-09,5.113e-09,8.495e-09,1.145e-08,1.109e-08,7.658e-09,4.549e-09,3.013e-09,2.210e-09,1.590e-09,1.125e-09,8.927e-10,7.447e-10,5.936e-10,5.182e-10,4.193e-10,3.913e-10,3.422e-10,3.251e-10,2.987e-10,2.167e-10,2.158e-10,1.865e-10,1.700e-10,1.368e-10,1.242e-10,1.229e-10,1.051e-10,1.143e-10,1.013e-10,8.745e-11,8.361e-11,6.808e-11,6.922e-11,7.035e-11,6.547e-11,8.050e-11,6.417e-11,5.434e-11,4.811e-11,5.225e-11,5.903e-11,5.811e-11,6.163e-11,4.989e-11,3.759e-11,4.870e-11,3.697e-11,4.077e-11,3.750e-11,2.472e-11,3.190e-11,1.800e-11,2.593e-11,1.662e-11,2.126e-11,1.833e-11,1.989e-11,1.482e-11,1.305e-11,1.634e-11,7.249e-12,4.700e-12,4.100e-12,8.101e-12,8.242e-12,1.337e-11,2.133e-12,1.277e-12,3.449e-12,5.276e-12,1.670e-12,2.015e-12,1.505e-12,7.473e-13,1.113e-12,7.373e-13,0.000e+00,2.787e-12,1.280e-12,2.155e-12]
      - [1.630e-11,7.256e-11,1.000e-10,8.053e-11,2.665e-10,2.462e-10,2.478e-10,1.614e-10,2.041e-10,2.464e-10,3.055e-10,3.793e-10,4.559e-10,5.166e-10,5.889e-10,1.852e-08,1.163e-09,1.395e-09,2.142e-09,3.472e-09,6.088e-09,1.012e-08,1.364e-08,1.321e-08,9.120e-09,5.417e-09,3.588e-09,2.632e-09,1.894e-09,1.340e-09,1.063e-09,8.869e-10,7.069e-10,6.170e-10,4.993e-10,4.659e-10,4.075e-10,3.871e-10,3.558e-10,2.580e-10,2.569e-10,2.221e-10,2.024e-10,1.630e-10,1.479e-10,1.464e-10,1.251e-10,1.361e-10,1.207e-10,1.041e-10,9.956e-11,8.107e-11,8.243e-11,8.378e-11,7.796e-11,9.586e-11,7.642e-11,6.471e-11,5.729e-11,6.222e-11,7.029e-11,6.920e-11,7.339e-11,5.942e-11,4.477e-11,5.799e-11,4.403e-11,4.855e-11,4.465e-11,2.944e-11,3.799e-11,2.143e-11,3.087e-11,1.979e-11,2.532e-11,2.183e-11,2.368e-11,1.765e-11,1.554e-11,1.946e-11,8.632e-12,5.596e-12,4.883e-12,9.647e-12,9.815e-12,1.592e-11,2.540e-12,1.521e-12,4.107e-12,6.283e-12,1.989e-12,2.399e-12,1.792e-12,8.899e-13,1.326e-12,8.780e-13,0.000e+00,3.319e-12,1.524e-12,2.566e-12]
      - [2.704e-11,1.204e-10,1.659e-10,1.336e-10,4.420e-10,4.083e-10,4.111e-10,2.677e-10,3.385e-10,4.087e-10,5.068e-10,6.292e-10,7.563e-10,8.569e-10,9.769e-10,1.163e-09,2.415e-08,2.314e-09,3.553e-09,5.760e-09,1.010e-08,1.678e-08,2.263e-08,2.191e-08,1.513e-08,8.986e-09,5.951e-09,4.365e-09,3.141e-09,2.222e-09,1.763e-09,1.471e-09,1.173e-09,1.024e-09,8.282e-10,7.729e-10,6.760e-10,6.421e-10,5.901e-10,4.280e-10,4.262e-10,3.684e-10,3.358e-10,2.703e-10,2.454e-10,2.428e-10,2.075e-10,2.257e-10,2.002e-10,1.727e-10,1.652e-10,1.345e-10,1.367e-10,1.390e-10,1.293e-10,1.590e-10,1.268e-10,1.073e-10,9.503e-11,1.032e-10,1.166e-10,1.148e-10,1.217e-10,9.856e-11,7.426e-11,9.619e-11,7.304e-11,8.053e-11,7.407e-11,4.884e-11,6.302e-11,3.555e-11,5.121e-11,3.283e-11,4.200e-11,3.621e-11,3.928e-11,2.927e-11,2.578e-11,3.227e-11,1.432e-11,9.283e-12,8.100e-12,1.600e-11,1.628e-11,2.642e-11,4.214e-12,2.523e-12,6.813e-12,1.042e-11,3.299e-12,3.980e-12,2.972e-12,1.476e-12,2.199e-12,1.456e-12,0.000e+00,5.505e-12,2.528e-12,4.256e-12]
      - [3.243e-11,1.444e-10,1.990e-10,1.602e-10,5.301e-10,4.897e-10,4.930e-10,3.210e-10,4.060e-10,4.901e-10,6.078e-10,7.547e-10,9.071e-10,1.028e-09,1.172e-09,1.395e-09,2.314e-09,2.887e-08,4.261e-09,6.908e-09,1.211e-08,2.013e-08,2.713e-08,2.628e-08,1.814e-08,1.078e-08,7.137e-09,5.236e-09,3.767e-09,2.665e-09,2.115e-09,1.764e-09,1.406e-09,1.228e-09,9.933e-10,9.270e-10,8.108e-10,7.701e-10,7.078e-10,5.133e-10,5.112e-10,4.418e-10,4.027e-10,3.242e-10,2.943e-10,2.912e-10,2.489e-10,2.707e-10,2.401e-10,2.072e-10,1.981e-10,1.613e-10,1.640e-10,1.667e-10,1.551e-10,1.907e-10,1.520e-10,1.287e-10,1.140e-10,1.238e-10,1.398e-10,1.377e-10,1.460e-10,1.182e-10,8.907e-11,1.154e-10,8.760e-11,9.658e-11,8.884e-11,5.857e-11,7.558e-11,4.264e-11,6.142e-11,3.937e-11,5.038e-11,4.342e-11,4.711e-11,3.511e-11,3.092e-11,3.871e-11,1.717e-11,1.113e-11,9.714e-12,1.919e-11,1.953e-11,3.168e-11,5.054e-12,3.026e-12,8.171e-12,1.250e-11,3.957e-12,4.774e-12,3.565e-12,1.770e-12,2.638e-12,1.747e-12,0.000e+00,6.602e-12,3.031e-12,5.105e-12]
      - [4.979e-11,2.216e-10,3.055e-10,2.459e-10,8.138e-10,7.518e-10,7.569e-10,4.928e-10,6.232e-10,7.524e-10,9.331e-10,1.159e-09,1.392e-09,1.578e-09,1.799e-09,2.142e-09,3.553e-09,4.261e-09,4.080e-08,1.060e-08,1.859e-08,3.090e-08,4.166e-08,4.035e-08,2.785e-08,1.654e-08,1.096e-08,8.037e-09,5.783e-09,4.091e-09,3.247e-09,2.709e-09,2.159e-09,1.884e-09,1.525e-09,1.423e-09,1.245e-09,1.182e-09,1.087e-09,7.880e-10,7.847e-10,6.783e-10,6.182e-10,4.977e-10,4.517e-10,4.470e-10,3.821e-10,4.155e-10,3.686e-10,3.180e-10,3.041e-10,2.476e-10,2.518e-10,2.559e-10,2.381e-10,2.928e-10,2.334e-10,1.976e-10,1.750e-10,1.900e-10,2.147e-10,2.113e-10,2.241e-10,1.815e-10,1.367e-10,1.771e-10,1.345e-10,1.483e-10,1.364e-10,8.992e-11,1.160e-10,6.545e-11,9.429e-11,6.044e-11,7.734e-11,6.666e-11,7.232e-11,5.389e-11,4.747e-11,5.942e-11,2.636e-11,1.709e-11,1.491e-11,2.946e-11,2.997e-11,4.864e-11,7.758e-12,4.645e-12,1.254e-11,1.919e-11,6.075e-12,7.328e-12,5.472e-12,2.718e-12,4.049e-12,2.682e-12,0.000e+00,1.014e-11,4.653e-12,7.836e-12]
      - [8.072e-11,3.593e-10,4.952e-10,3.987e-10,1.319e-09,1.219e-09,1.227e-09,7.990e-10,1.010e-09,1.220e-09,1.513e-09,1.878e-09,2.258e-09,2.558e-09,2.916e-09,3.472e-09,5.760e-09,6.908e-09,1.060e-08,6.539e-08,3.014e-08,5.009e-08,6.753e-08,6.541e-08,4.516e-08,2.682e-08,1.776e-08,1.303e-08,9.376e-09,6.633e-09,5.264e-09,4.391e-09,3.500e-09,3.055e-09,2.472e-09,2.307e-09,2.018e-09,1.917e-09,1.762e-09,1.278e-09,1.272e-09,1.100e-09,1.002e-09,8.069e-10,7.324e-10,7.247e-10,6.195e-10,6.737e-10,5.975e-10,5.156e-10,4.930e-10,4.014e-10,4.082e-10,4.148e-10,3.860e-10,4.747e-10,3.784e-10,3.204e-10,2.836e-10,3.081e-10,3.480e-10,3.426e-10,3.634e-10,2.942e-10,2.217e-10,2.871e-10,2.180e-10,2.404e-10,2.211e-10,1.458e-10,1.881e-10,1.061e-10,1.529e-10,9.799e-11,1.254e-10,1.081e-10,1.173e-10,8.737e-11,7.696e-11,9.634e-11,4.274e-11,2.771e-11,2.418e-11,4.777e-11,4.860e-11,7.885e-11,1.258e-11,7.531e-12,2.034e-11,3.111e-11,9.849e-12,1.188e-11,8.872e-12,4.406e-12,6.565e-12,4.347e-12,0.000e+00,1.643e-11,7.544e-12,1.270e-11]
      - [1.415e-10,6.299e-10,8.683e-10,6.991e-10,2.313e-09,2.137e-09,2.152e-09,1.401e-09,1.771e-09,2.139e-09,2.652e-09,3.293e-09,3.958e-09,4.485e-09,5.113e-09,6.088e-09,1.010e-08,1.211e-08,1.859e-08,3.014e-08,1.313e-07,8.782e-08,1.184e-07,1.147e-07,7.917e-08,4.703e-08,3.115e-08,2.285e-08,1.644e-08,1.163e-08,9.229e-09,7.699e-09,6.137e-09,5.357e-09,4.335e-09,4.045e-09,3.538e-09,3.361e-09,3.088e-09,2.240e-09,2.231e-09,1.928e-09,1.757e-09,1.415e-09,1.284e-09,1.271e-09,1.086e-09,1.181e-09,1.048e-09,9.041e-10,8.644e-10,7.038e-10,7.156e-10,7.273e-10,6.768e-10,8.322e-10,6.634e-10,5.617e-10,4.973e-10,5.402e-10,6.102e-10,6.007e-10,6.371e-10,5.158e-10,3.887e-10,5.034e-10,3.822e-10,4.215e-10,3.877e-10,2.556e-10,3.298e-10,1.861e-10,2.680e-10,1.718e-10,2.198e-10,1.895e-10,2.056e-10,1.532e-10,1.349e-10,1.689e-10,7.494e-11,4.858e-11,4.239e-11,8.375e-11,8.521e-11,1.382e-10,2.205e-11,1.320e-11,3.566e-11,5.454e-11,1.727e-11,2.083e-11,1.556e-11,7.725e-12,1.151e-11,7.623e-12,0.000e+00,2.881e-11,1.323e-11,2.227e-11]
      - [2.352e-10,1.047e-09,1.443e-09,1.162e-09,3.844e-09,3.551e-09,3.575e-09,2.328e-09,2.944e-09,3.554e-09,4.407e-09,5.472e-09,6.577e-09,7.452e-09,8.495e-09,1.012e-08,1.678e-08,2.013e-08,3.090e-08,5.009e-08,8.782e-08,2.726e-07,1.968e-07,1.906e-07,1.316e-07,7.815e-08,5.175e-08,3.796e-08,2.732e-08,1.932e-08,1.533e-08,1.279e-08,1.020e-08,8.901e-09,7.203e-09,6.721e-09,5.879e-09,5.584e-09,5.132e-09,3.722e-09,3.707e-09,3.204e-09,2.920e-09,2.351e-09,2.134e-09,2.111e-09,1.805e-09,1.963e-09,1.741e-09,1.502e-09,1.436e-09,1.169e-09,1.189e-09,1.209e-09,1.125e-09,1.383e-09,1.102e-09,9.334e-10,8.264e-10,8.976e-10,1.014e-09,9.982e-10,1.059e-09,8.571e-10,6.458e-10,8.365e-10,6.352e-10,7.003e-10,6.442e-10,4.247e-10,5.480e-10,3.092e-10,4.454e-10,2.855e-10,3.653e-10,3.149e-10,3.416e-10,2.546e-10,2.242e-10,2.807e-10,1.245e-10,8.073e-11,7.044e-11,1.392e-10,1.416e-10,2.297e-10,3.665e-11,2.194e-11,5.925e-11,9.063e-11,2.869e-11,3.461e-11,2.585e-11,1.284e-11,1.913e-11,1.267e-11,0.000e+00,4.787e-11,2.198e-11,3.701e-11]
      - [3.171e-10,1.411e-09,1.945e-09,1.566e-09,5.183e-09,4.788e-09,4.820e-09,3.139e-09,3.969e-09,4.792e-09,5.942e-09,7.378e-09,8.867e-09,1.005e-08,1.145e-08,1.364e-08,2.263e-08,2.713e-08,4.166e-08,6.753e-08,1.184e-07,1.968e-07,4.377e-07,2.569e-07,1.774e-07,1.054e-07,6.978e-08,5.118e-08,3.683e-08,2.605e-08,2.068e-08,1.725e-08,1.375e-08,1.200e-08,9.711e-09,9.062e-09,7.926e-09,7.529e-09,6.919e-09,5.018e-09,4.997e-09,4.319e-09,3.937e-09,3.169e-09,2.877e-09,2.847e-09,2.433e-09,2.646e-09,2.347e-09,2.025e-09,1.936e-09,1.577e-09,1.603e-09,1.629e-09,1.516e-09,1.864e-09,1.486e-09,1.258e-09,1.114e-09,1.210e-09,1.367e-09,1.346e-09,1.427e-09,1.156e-09,8.707e-10,1.128e-09,8.563e-10,9.442e-10,8.685e-10,5.726e-10,7.389e-10,4.168e-10,6.004e-10,3.849e-10,4.925e-10,4.245e-10,4.606e-10,3.432e-10,3.023e-10,3.784e-10,1.679e-10,1.088e-10,9.497e-11,1.876e-10,1.909e-10,3.097e-10,4.941e-11,2.958e-11,7.988e-11,1.222e-10,3.869e-11,4.667e-11,3.485e-11,1.731e-11,2.579e-11,1.708e-11,0.000e+00,6.455e-11,2.963e-11,4.990e-11]
      - [3.071e-10,1.367e-09,1.884e-09,1.517e-09,5.020e-09,4.637e-09,4.669e-09,3.040e-09,3.844e-09,4.641e-09,5.755e-09,7.146e-09,8.589e-09,9.731e-09,1.109e-08,1.321e-08,2.191e-08,2.628e-08,4.035e-08,6.541e-08,1.147e-07,1.906e-07,2.569e-07,4.160e-07,1.718e-07,1.020e-07,6.758e-08,4.957e-08,3.567e-08,2.523e-08,2.003e-08,1.671e-08,1.332e-08,1.162e-08,9.406e-09,8.777e-09,7.677e-09,7.292e-09,6.702e-09,4.861e-09,4.840e-09,4.184e-09,3.813e-09,3.070e-09,2.786e-09,2.757e-09,2.357e-09,2.563e-09,2.273e-09,1.962e-09,1.876e-09,1.527e-09,1.553e-09,1.578e-09,1.469e-09,1.806e-09,1.440e-09,1.219e-09,1.079e-09,1.172e-09,1.324e-09,1.304e-09,1.382e-09,1.119e-09,8.433e-10,1.092e-09,8.294e-10,9.145e-10,8.412e-10,5.546e-10,7.157e-10,4.037e-10,5.816e-10,3.728e-10,4.770e-10,4.112e-10,4.461e-10,3.324e-10,2.928e-10,3.665e-10,1.626e-10,1.054e-10,9.198e-11,1.817e-10,1.849e-10,3.000e-10,4.786e-11,2.865e-11,7.737e-11,1.184e-10,3.747e-11,4.520e-11,3.375e-11,1.676e-11,2.498e-11,1.654e-11,0.000e+00,6.252e-11,2.870e-11,4.833e-11]
      - [2.120e-10,9.436e-10,1.301e-09,1.047e-09,3.465e-09,3.201e-09,3.223e-09,2.099e-09,2.654e-09,3.204e-09,3.973e-09,4.933e-09,5.929e-09,6.718e-09,7.658e-09,9.120e-09,1.513e-08,1.814e-08,2.785e-08,4.516e-08,7.917e-08,1.316e-07,1.774e-07,1.718e-07,2.297e-07,7.045e-08,4.666e-08,3.422e-08,2.463e-08,1.742e-08,1.382e-08,1.153e-08,9.193e-09,8.024e-09,6.493e-09,6.059e-09,5.300e-09,5.034e-09,4.626e-09,3.355e-09,3.341e-09,2.888e-09,2.632e-09,2.119e-09,1.924e-09,1.903e-09,1.627e-09,1.769e-09,1.569e-09,1.354e-09,1.295e-09,1.054e-09,1.072e-09,1.089e-09,1.014e-09,1.247e-09,9.938e-10,8.415e-10,7.450e-10,8.092e-10,9.141e-10,8.999e-10,9.544e-10,7.727e-10,5.822e-10,7.541e-10,5.726e-10,6.313e-10,5.807e-10,3.829e-10,4.940e-10,2.787e-10,4.015e-10,2.574e-10,3.293e-10,2.838e-10,3.080e-10,2.295e-10,2.021e-10,2.530e-10,1.123e-10,7.278e-11,6.350e-11,1.255e-10,1.276e-10,2.071e-10,3.304e-11,1.978e-11,5.341e-11,8.171e-11,2.587e-11,3.120e-11,2.330e-11,1.157e-11,1.724e-11,1.142e-11,0.000e+00,4.316e-11,1.981e-11,3.337e-11]
      - [1.259e-10,5.605e-10,7.726e-10,6.221e-10,2.058e-09,1.902e-09,1.914e-09,1.247e-09,1.576e-09,1.903e-09,2.360e-09,2.930e-09,3.522e-09,3.990e-09,4.549e-09,5.417e-09,8.986e-09,1.078e-08,1.654e-08,2.682e-08,4.703e-08,7.815e-08,1.054e-07,1.020e-07,7.045e-08,1.061e-07,2.771e-08,2.033e-08,1.463e-08,1.035e-08,8.212e-09,6.851e-09,5.461e-09,4.766e-09,3.857e-09,3.599e-09,3.148e-09,2.990e-09,2.748e-09,1.993e-09,1.985e-09,1.716e-09,1.564e-09,1.259e-09,1.143e-09,1.131e-09,9.664e-10,1.051e-09,9.322e-10,8.044e-10,7.691e-10,6.262e-10,6.368e-10,6.472e-10,6.022e-10,7.405e-10,5.903e-10,4.998e-10,4.425e-10,4.806e-10,5.430e-10,5.345e-10,5.669e-10,4.590e-10,3.458e-10,4.479e-10,3.401e-10,3.750e-10,3.449e-10,2.274e-10,2.935e-10,1.655e-10,2.385e-10,1.529e-10,1.956e-10,1.686e-10,1.829e-10,1.363e-10,1.201e-10,1.503e-10,6.668e-11,4.323e-11,3.772e-11,7.452e-11,7.582e-11,1.230e-10,1.962e-11,1.175e-11,3.173e-11,4.853e-11,1.536e-11,1.853e-11,1.384e-11,6.874e-12,1.024e-11,6.782e-12,0.000e+00,2.564e-11,1.177e-11,1.982e-11]
      - [8.340e-11,3.712e-10,5.117e-10,4.120e-10,1.363e-09,1.259e-09,1.268e-09,8.256e-10,1.044e-09,1.260e-09,1.563e-09,1.941e-09,2.332e-09,2.643e-09,3.013e-09,3.588e-09,5.951e-09,7.137e-09,1.096e-08,1.776e-08,3.115e-08,5.175e-08,6.978e-08,6.758e-08,4.666e-08,2.771e-08,6.037e-08,1.346e-08,9.687e-09,6.853e-09,5.438e-09,4.537e-09,3.616e-09,3.157e-09,2.554e-09,2.384e-09,2.085e-09,1.980e-09,1.820e-09,1.320e-09,1.314e-09,1.136e-09,1.036e-09,8.337e-10,7.567e-10,7.487e-10,6.400e-10,6.961e-10,6.174e-10,5.327e-10,5.093e-10,4.147e-10,4.217e-10,4.286e-10,3.988e-10,4.904e-10,3.910e-10,3.310e-10,2.931e-10,3.183e-10,3.596e-10,3.540e-10,3.754e-10,3.040e-10,2.290e-10,2.967e-10,2.252e-10,2.484e-10,2.284e-10,1.506e-10,1.943e-10,1.096e-10,1.579e-10,1.012e-10,1.295e-10,1.117e-10,1.211e-10,9.027e-11,7.952e-11,9.953e-11,4.416e-11,2.863e-11,2.498e-11,4.935e-11,5.021e-11,8.147e-11,1.300e-11,7.781e-12,2.101e-11,3.214e-11,1.018e-11,1.227e-11,9.167e-12,4.552e-12,6.783e-12,4.492e-12,0.000e+00,1.698e-11,7.795e-12,1.313e-11]
      - [6.118e-11,2.723e-10,3.753e-10,3.022e-10,1.000e-09,9.237e-10,9.300e-10,6.056e-10,7.657e-10,9.245e-10,1.146e-09,1.423e-09,1.711e-09,1.939e-09,2.210e-09,2.632e-09,4.365e-09,5.236e-09,8.037e-09,1.303e-08,2.285e-08,3.796e-08,5.118e-08,4.957e-08,3.422e-08,2.033e-08,1.346e-08,4.114e-08,7.106e-09,5.027e-09,3.989e-09,3.328e-09,2.653e-09,2.315e-09,1.874e-09,1.748e-09,1.529e-09,1.453e-09,1.335e-09,9.682e-10,9.642e-10,8.334e-10,7.596e-10,6.115e-10,5.550e-10,5.492e-10,4.695e-10,5.106e-10,4.529e-10,3.908e-10,3.736e-10,3.042e-10,3.093e-10,3.144e-10,2.926e-10,3.597e-10,2.868e-10,2.428e-10,2.150e-10,2.335e-10,2.638e-10,2.597e-10,2.754e-10,2.230e-10,1.680e-10,2.176e-10,1.652e-10,1.822e-10,1.676e-10,1.105e-10,1.426e-10,8.042e-11,1.159e-10,7.426e-11,9.502e-11,8.190e-11,8.886e-11,6.622e-11,5.833e-11,7.301e-11,3.239e-11,2.100e-11,1.832e-11,3.620e-11,3.683e-11,5.976e-11,9.533e-12,5.707e-12,1.541e-11,2.358e-11,7.464e-12,9.004e-12,6.724e-12,3.339e-12,4.975e-12,3.295e-12,0.000e+00,1.245e-11,5.718e-12,9.628e-12]
      - [4.402e-11,1.959e-10,2.701e-10,2.175e-10,7.196e-10,6.647e-10,6.692e-10,4.358e-10,5.510e-10,6.652e-10,8.250e-10,1.024e-09,1.231e-09,1.395e-09,1.590e-09,1.894e-09,3.141e-09,3.767e-09,5.783e-09,9.376e-09,1.644e-08,2.732e-08,3.683e-08,3.567e-08,2.463e-08,1.463e-08,9.687e-09,7.106e-09,2.794e-08,3.617e-09,2.870e-09,2.395e-09,1.909e-09,1.666e-09,1.348e-09,1.258e-09,1.100e-09,1.045e-09,9.606e-10,6.967e-10,6.938e-10,5.997e-10,5.466e-10,4.400e-10,3.994e-10,3.952e-10,3.378e-10,3.674e-10,3.259e-10,2.812e-10,2.688e-10,2.189e-10,2.226e-10,2.262e-10,2.105e-10,2.589e-10,2.064e-10,1.747e-10,1.547e-10,1.680e-10,1.898e-10,1.869e-10,1.982e-10,1.604e-10,1.209e-10,1.566e-10,1.189e-10,1.311e-10,1.206e-10,7.950e-11,1.026e-10,5.787e-11,8.336e-11,5.344e-11,6.838e-11,5.894e-11,6.394e-11,4.765e-11,4.197e-11,5.254e-11,2.331e-11,1.511e-11,1.318e-11,2.605e-11,2.650e-11,4.300e-11,6.860e-12,4.107e-12,1.109e-11,1.697e-11,5.371e-12,6.479e-12,4.838e-12,2.403e-12,3.580e-12,2.371e-12,0.000e+00,8.961e-12,4.114e-12,6.928e-12]
      - [3.114e-11,1.386e-10,1.911e-10,1.538e-10,5.090e-10,4.702e-10,4.734e-10,3.083e-10,3.898e-10,4.706e-10,5.836e-10,7.246e-10,8.709e-10,9.868e-10,1.125e-09,1.340e-09,2.222e-09,2.665e-09,4.091e-09,6.633e-09,1.163e-08,1.932e-08,2.605e-08,2.523e-08,1.742e-08,1.035e-08,6.853e-09,5.027e-09,3.617e-09,1.882e-08,2.031e-09,1.694e-09,1.350e-09,1.179e-09,9.537e-10,8.900e-10,7.784e-10,7.394e-10,6.796e-10,4.929e-10,4.908e-10,4.242e-10,3.867e-10,3.113e-10,2.825e-10,2.796e-10,2.390e-10,2.599e-10,2.305e-10,1.989e-10,1.902e-10,1.549e-10,1.575e-10,1.600e-10,1.489e-10,1.831e-10,1.460e-10,1.236e-10,1.094e-10,1.189e-10,1.343e-10,1.322e-10,1.402e-10,1.135e-10,8.552e-11,1.108e-10,8.411e-11,9.273e-11,8.530e-11,5.624e-11,7.257e-11,4.094e-11,5.897e-11,3.780e-11,4.837e-11,4.169e-11,4.523e-11,3.371e-11,2.969e-11,3.716e-11,1.649e-11,1.069e-11,9.327e-12,1.843e-11,1.875e-11,3.042e-11,4.853e-12,2.905e-12,7.846e-12,1.200e-11,3.799e-12,4.583e-12,3.423e-12,1.700e-12,2.533e-12,1.677e-12,0.000e+00,6.339e-12,2.911e-12,4.901e-12]
      - [2.471e-11,1.100e-10,1.516e-10,1.221e-10,4.039e-10,3.731e-10,3.757e-10,2.446e-10,3.093e-10,3.735e-10,4.631e-10,5.750e-10,6.911e-10,7.831e-10,8.927e-10,1.063e-09,1.763e-09,2.115e-09,3.247e-09,5.264e-09,9.229e-09,1.533e-08,2.068e-08,2.003e-08,1.382e-08,8.212e-09,5.438e-09,3.989e-09,2.870e-09,2.031e-09,1.523e-08,1.344e-09,1.072e-09,9.353e-10,7.569e-10,7.063e-10,6.177e-10,5.868e-10,5.393e-10,3.911e-10,3.895e-10,3.366e-10,3.068e-10,2.470e-10,2.242e-10,2.219e-10,1.896e-10,2.063e-10,1.829e-10,1.579e-10,1.509e-10,1.229e-10,1.250e-10,1.270e-10,1.182e-10,1.453e-10,1.158e-10,9.808e-11,8.684e-11,9.432e-11,1.065e-10,1.049e-10,1.112e-10,9.006e-11,6.786e-11,8.790e-11,6.674e-11,7.359e-11,6.769e-11,4.463e-11,5.759e-11,3.249e-11,4.680e-11,3.000e-11,3.838e-11,3.309e-11,3.590e-11,2.675e-11,2.356e-11,2.949e-11,1.309e-11,8.483e-12,7.402e-12,1.462e-11,1.488e-11,2.414e-11,3.851e-12,2.306e-12,6.226e-12,9.524e-12,3.015e-12,3.637e-12,2.716e-12,1.349e-12,2.010e-12,1.331e-12,0.000e+00,5.031e-12,2.310e-12,3.889e-12]
      - [2.062e-11,9.176e-11,1.265e-10,1.018e-10,3.370e-10,3.113e-10,3.134e-10,2.041e-10,2.580e-10,3.116e-10,3.864e-10,4.797e-10,5.766e-10,6.533e-10,7.447e-10,8.869e-10,1.471e-09,1.764e-09,2.709e-09,4.391e-09,7.699e-09,1.279e-08,1.725e-08,1.671e-08,1.153e-08,6.851e-09,4.537e-09,3.328e-09,2.395e-09,1.694e-09,1.344e-09,1.280e-08,8.940e-10,7.803e-10,6.314e-10,5.892e-10,5.154e-10,4.895e-10,4.499e-10,3.263e-10,3.249e-10,2.809e-10,2.560e-10,2.061e-10,1.871e-10,1.851e-10,1.582e-10,1.721e-10,1.526e-10,1.317e-10,1.259e-10,1.025e-10,1.042e-10,1.059e-10,9.860e-11,1.212e-10,9.664e-11,8.183e-11,7.244e-11,7.869e-11,8.889e-11,8.751e-11,9.281e-11,7.514e-11,5.662e-11,7.333e-11,5.568e-11,6.139e-11,5.647e-11,3.723e-11,4.804e-11,2.710e-11,3.904e-11,2.503e-11,3.202e-11,2.760e-11,2.995e-11,2.232e-11,1.966e-11,2.460e-11,1.092e-11,7.077e-12,6.175e-12,1.220e-11,1.241e-11,2.014e-11,3.213e-12,1.923e-12,5.194e-12,7.945e-12,2.515e-12,3.034e-12,2.266e-12,1.125e-12,1.677e-12,1.110e-12,0.000e+00,4.197e-12,1.927e-12,3.245e-12]
      - [1.643e-11,7.314e-11,1.008e-10,8.117e-11,2.686e-10,2.481e-10,2.498e-10,1.627e-10,2.057e-10,2.483e-10,3.080e-10,3.824e-10,4.596e-10,5.207e-10,5.936e-10,7.069e-10,1.173e-09,1.406e-09,2.159e-09,3.500e-09,6.137e-09,1.020e-08,1.375e-08,1.332e-08,9.193e-09,5.461e-09,3.616e-09,2.653e-09,1.909e-09,1.350e-09,1.072e-09,8.940e-10,9.750e-09,6.220e-10,5.033e-10,4.697e-10,4.108e-10,3.902e-10,3.586e-10,2.601e-10,2.590e-10,2.239e-10,2.040e-10,1.643e-10,1.491e-10,1.475e-10,1.261e-10,1.372e-10,1.216e-10,1.050e-10,1.004e-10,8.172e-11,8.309e-11,8.445e-11,7.859e-11,9.663e-11,7.703e-11,6.522e-11,5.774e-11,6.272e-11,7.085e-11,6.975e-11,7.398e-11,5.989e-11,4.513e-11,5.845e-11,4.438e-11,4.894e-11,4.501e-11,2.968e-11,3.829e-11,2.160e-11,3.112e-11,1.995e-11,2.552e-11,2.200e-11,2.387e-11,1.779e-11,1.567e-11,1.961e-11,8.701e-12,5.641e-12,4.922e-12,9.724e-12,9.893e-12,1.605e-11,2.561e-12,1.533e-12,4.140e-12,6.333e-12,2.005e-12,2.419e-12,1.806e-12,8.970e-13,1.336e-12,8.851e-13,0.000e+00,3.345e-12,1.536e-12,2.586e-12]
